#fajszam: 4. oszlop
#egyensulyi forraskoncentracio: 5. oszlop
#fajkoncentraciok: 6-15. oszlopok
#k = 5289:	a[1]=77.500000	b[1]=10.000000	c[1]=4.400000
#k = 3982:	a[2]=72.500000	b[2]=5.000000	c[2]=3.400000
#k = 4074:	a[3]=72.500000	b[3]=6.000000	c[3]=5.000000
#k = 5254:	a[4]=77.500000	b[4]=9.750000	c[4]=1.600000
#k = 4151:	a[5]=72.500000	b[5]=7.000000	c[5]=3.600000
#k = 5827:	a[6]=82.500000	b[6]=6.000000	c[6]=2.800000
#k = 5172:	a[7]=77.500000	b[7]=8.750000	c[7]=2.000000
#k = 4221:	a[8]=72.500000	b[8]=7.750000	c[8]=5.000000
#k = 9004:	a[9]=100.000000	b[9]=7.000000	c[9]=4.000000
#k = 6675:	a[10]=87.500000	b[10]=5.500000	c[10]=4.400000
3.862705e+00	1.588345e-03	3.862705	1	1.998412	1.000000e+00	0.000000e+00	1.824662e-155	0.000000e+00	0.000000e+00	0.000000e+00	0.000000e+00	1.358513e-59	0.000000e+00	0.000000e+00
3.800902e+00	7.415277e-03	3.800902	1	1.992585	1.000000e+00	9.198212e-94	3.056868e-54	1.328184e-108	3.030766e-64	1.155954e-93	8.579294e-98	2.824056e-25	1.137475e-56	8.378964e-71
3.740088e+00	1.341874e-02	3.740088	1	1.986581	1.000000e+00	7.166802e-72	2.817181e-43	3.493212e-83	1.596846e-50	6.521179e-72	1.535929e-75	2.282802e-20	3.757195e-45	2.021089e-55
3.680246e+00	1.960013e-02	3.680246	1	1.980400	1.000000e+00	6.575170e-96	9.537567e-52	3.539745e-117	6.633005e-63	7.770320e-96	3.060308e-101	1.031693e-17	1.720657e-54	4.826105e-70
3.621362e+00	2.596066e-02	3.621362	1	1.974039	1.000000e+00	0.000000e+00	4.293759e-107	0.000000e+00	9.412619e-138	5.154064e-226	0.000000e+00	2.246942e-15	3.918431e-114	1.258731e-155
3.563420e+00	3.620987e-02	3.563420	2	1.963790	8.831585e-01	9.384122e-137	3.541431e-65	6.721083e-169	5.346407e-84	9.447722e-137	8.659148e-146	1.168415e-01	9.205222e-70	4.554660e-95
3.506406e+00	4.845828e-02	3.506406	2	1.951542	7.810763e-01	4.326914e-79	2.889165e-40	7.721145e-96	1.234306e-50	3.558688e-79	8.872590e-84	2.189237e-01	5.162896e-43	5.565992e-57
3.450303e+00	6.090235e-02	3.450303	2	1.939098	7.193365e-01	1.876613e-51	1.174859e-24	3.594942e-65	6.772115e-32	1.418130e-51	7.947517e-55	2.806635e-01	7.280243e-27	2.074800e-36
3.395098e+00	7.353659e-02	3.395098	2	1.926463	6.779674e-01	9.383471e-42	4.601868e-20	4.660641e-55	1.489320e-25	6.736547e-42	1.024217e-44	3.220326e-01	6.919462e-22	1.841422e-29
3.340777e+00	8.635534e-02	3.340777	2	1.913645	6.483127e-01	1.181143e-38	8.115861e-19	0.000000e+00	4.809403e-23	1.285194e-40	0.000000e+00	3.516873e-01	1.622215e-20	2.224753e-26
3.287324e+00	9.935276e-02	3.287324	2	1.900647	6.260121e-01	2.125288e-41	1.177709e-17	0.000000e+00	6.954536e-23	0.000000e+00	0.000000e+00	3.739879e-01	1.737557e-19	1.106589e-26
3.234727e+00	1.125229e-01	3.234727	2	1.887477	6.086304e-01	7.305548e-54	5.215793e-27	6.760555e-65	1.600047e-35	3.730986e-54	1.423744e-57	3.913696e-01	3.765861e-32	8.835476e-40
3.182972e+00	1.258595e-01	3.182972	2	1.874140	5.947008e-01	1.290458e-52	5.431455e-22	6.389201e-68	6.285738e-32	5.522022e-53	6.024032e-57	4.052992e-01	4.367614e-25	8.092857e-37
3.132044e+00	1.393564e-01	3.132044	2	1.860644	5.832869e-01	2.422197e-68	1.569466e-22	0.000000e+00	1.052028e-35	4.542828e-70	0.000000e+00	4.167131e-01	1.186984e-26	5.103124e-42
3.081931e+00	1.530073e-01	3.081931	2	1.846993	5.737629e-01	2.019019e-78	3.698181e-19	1.328349e-103	1.117403e-39	3.894703e-79	1.265723e-86	4.262371e-01	2.560037e-26	5.512696e-48
3.032620e+00	1.668056e-01	3.032620	2	1.833194	5.656946e-01	3.484366e-169	4.124320e-14	2.494941e-261	2.212199e-73	5.134943e-171	7.433470e-191	4.343054e-01	1.361153e-36	9.584843e-93
2.984098e+00	1.835733e-01	2.984098	3	1.816427	5.465518e-01	2.665994e-94	2.227653e-02	0.000000e+00	5.239016e-37	6.633968e-96	2.370493e-116	4.311716e-01	3.312533e-16	8.162956e-48
2.936353e+00	2.014203e-01	2.936353	4	1.798580	5.266589e-01	0.000000e+00	4.681039e-02	0.000000e+00	0.000000e+00	0.000000e+00	0.000000e+00	4.253183e-01	1.212361e-03	0.000000e+00
2.889371e+00	2.208096e-01	2.889371	4	1.779190	5.047513e-01	6.834801e-68	6.614015e-02	0.000000e+00	1.689263e-26	4.610894e-69	5.153662e-78	4.159766e-01	1.313190e-02	1.049124e-35
2.843141e+00	2.401821e-01	2.843141	4	1.759818	4.863640e-01	0.000000e+00	8.236497e-02	0.000000e+00	1.099675e-13	0.000000e+00	0.000000e+00	4.081425e-01	2.312851e-02	3.615033e-15
2.797651e+00	2.595299e-01	2.797651	4	1.740470	4.707119e-01	2.967394e-68	9.617730e-02	1.309281e-112	8.534287e-19	7.045481e-70	2.522210e-80	4.014796e-01	3.163128e-02	1.397041e-29
2.752889e+00	2.788452e-01	2.752889	4	1.721155	4.572271e-01	1.100531e-98	1.080779e-01	2.541869e-164	1.109649e-17	1.792863e-101	1.608224e-118	3.957446e-01	3.895044e-02	2.409025e-35
2.708842e+00	2.981207e-01	2.708842	4	1.701879	4.454889e-01	0.000000e+00	1.184378e-01	0.000000e+00	1.197644e-08	0.000000e+00	0.000000e+00	3.907573e-01	4.531593e-02	0.000000e+00
2.665501e+00	3.489440e-01	2.665501	5	1.651056	3.690692e-01	2.809609e-94	1.017156e-01	2.813322e-168	1.647341e-01	4.845181e-98	3.332226e-117	3.263535e-01	3.812756e-02	5.128396e-27
2.622853e+00	3.982890e-01	2.622853	5	1.601711	3.133463e-01	1.001709e-63	8.929018e-02	1.826996e-102	2.853008e-01	2.696127e-66	3.645719e-78	2.792756e-01	3.278712e-02	1.112642e-22
2.580887e+00	4.456916e-01	2.580887	5	1.554308	2.715212e-01	1.422767e-60	7.989628e-02	0.000000e+00	3.759235e-01	2.553585e-63	3.935882e-84	2.438899e-01	2.876914e-02	5.164238e-33
2.539593e+00	4.912510e-01	2.539593	5	1.508749	2.390005e-01	2.365038e-58	7.253503e-02	0.000000e+00	4.464935e-01	1.564378e-61	2.613970e-79	2.163340e-01	2.563698e-02	6.114121e-26
2.498960e+00	5.350599e-01	2.498960	5	1.464940	2.130126e-01	2.351611e-54	6.660360e-02	6.970361e-95	5.029789e-01	2.348950e-57	1.845548e-68	1.942778e-01	2.312713e-02	1.240723e-19
2.458976e+00	5.772054e-01	2.458976	5	1.422795	1.917864e-01	3.154254e-57	6.171657e-02	2.213527e-118	5.491943e-01	4.634388e-61	6.432341e-75	1.762316e-01	2.107119e-02	4.411761e-15
2.419633e+00	6.177691e-01	2.419633	5	1.382231	1.741369e-01	4.947282e-56	5.761598e-02	4.673360e-115	5.876915e-01	4.194214e-60	4.623059e-74	1.611991e-01	1.935648e-02	2.502947e-14
2.380919e+00	6.568276e-01	2.380919	5	1.343172	1.592416e-01	8.135913e-67	5.412268e-02	0.000000e+00	6.202424e-01	6.351780e-72	1.161247e-88	1.484885e-01	1.790477e-02	1.111086e-21
2.342824e+00	6.944527e-01	2.342824	5	1.305547	1.465119e-01	1.214365e-77	5.110829e-02	0.000000e+00	6.481153e-01	3.169465e-84	4.106242e-105	1.376045e-01	1.666004e-02	9.219069e-19
2.305339e+00	7.307121e-01	2.305339	5	1.269288	1.355150e-01	3.735863e-86	4.847846e-02	0.000000e+00	6.722422e-01	1.848136e-94	4.564934e-120	1.281832e-01	1.558112e-02	1.885984e-13
2.268453e+00	7.656695e-01	2.268453	5	1.234330	1.259261e-01	3.733395e-114	4.616222e-02	0.000000e+00	6.933234e-01	3.348276e-126	0.000000e+00	1.199511e-01	1.463710e-02	2.790994e-14
2.232158e+00	7.993849e-01	2.232158	5	1.200615	1.174965e-01	0.000000e+00	4.410519e-02	0.000000e+00	7.118950e-01	0.000000e+00	0.000000e+00	1.126990e-01	1.380428e-02	3.065334e-08
2.196443e+00	8.319148e-01	2.196443	6	1.168085	1.100325e-01	0.000000e+00	4.226497e-02	0.000000e+00	7.278325e-01	0.000000e+00	0.000000e+00	1.062638e-01	1.306421e-02	5.420225e-04
2.161300e+00	8.633125e-01	2.161300	6	1.136687	1.033811e-01	1.825929e-94	4.060804e-02	1.340916e-228	7.421006e-01	2.410108e-107	1.036337e-143	1.005166e-01	1.240231e-02	9.913507e-04
2.126720e+00	8.936284e-01	2.126720	6	1.106372	9.741991e-02	2.804854e-73	3.910748e-02	3.732587e-177	7.549256e-01	1.353584e-83	4.526315e-112	9.535436e-02	1.180690e-02	1.385794e-03
2.092692e+00	9.229100e-01	2.092692	6	1.077090	9.204967e-02	1.520764e-61	3.774150e-02	1.876676e-143	7.665133e-01	1.871307e-70	1.459210e-94	9.069344e-02	1.126853e-02	1.733605e-03
2.059209e+00	9.512023e-01	2.059209	6	1.048798	8.718924e-02	5.980907e-54	3.649221e-02	1.870732e-121	7.770322e-01	4.796769e-62	1.123880e-85	8.646543e-02	1.077944e-02	2.041504e-03
2.026262e+00	9.785479e-01	2.026262	6	1.021452	8.277157e-02	8.347102e-49	3.534479e-02	1.867564e-117	7.866216e-01	2.992742e-56	1.587558e-75	8.261380e-02	1.033322e-02	2.315029e-03
1.993841e+00	1.004987e+00	1.993841	6	0.995013	7.874077e-02	1.611605e-45	3.428689e-02	0.000000e+00	7.953976e-01	1.517475e-53	4.653289e-89	7.909139e-02	9.924540e-03	2.558779e-03
1.961940e+00	1.030558e+00	1.961940	6	0.969442	7.504991e-02	2.208210e-41	3.330810e-02	7.637407e-93	8.034579e-01	6.326997e-48	4.463787e-64	7.585860e-02	9.548900e-03	2.776603e-03
1.930549e+00	1.055296e+00	1.930549	6	0.944704	7.165928e-02	6.100581e-40	3.239957e-02	0.000000e+00	8.108850e-01	3.323327e-47	4.291286e-79	7.288190e-02	9.202501e-03	2.971750e-03
1.899660e+00	1.079237e+00	1.899660	6	0.920763	6.853506e-02	1.349723e-36	3.155378e-02	2.666577e-82	8.177494e-01	1.062787e-42	1.557819e-57	7.013272e-02	8.882102e-03	3.146971e-03
1.869266e+00	1.102413e+00	1.869266	6	0.897587	6.564829e-02	2.451199e-54	3.076425e-02	0.000000e+00	8.241113e-01	0.000000e+00	0.000000e+00	6.758658e-02	8.584925e-03	3.304617e-03
1.839357e+00	1.124854e+00	1.839357	6	0.875146	6.297399e-02	9.609551e-34	3.002539e-02	2.613738e-74	8.300230e-01	1.516674e-39	5.030967e-53	6.522235e-02	8.308573e-03	3.446705e-03
1.809928e+00	1.146590e+00	1.809928	6	0.853410	6.049055e-02	2.565940e-50	2.933232e-02	0.000000e+00	8.355294e-01	0.000000e+00	0.000000e+00	6.302175e-02	8.050967e-03	3.574973e-03
1.780969e+00	1.167649e+00	1.780969	6	0.832351	5.817914e-02	8.769124e-31	2.868080e-02	2.800682e-73	8.406700e-01	3.086717e-36	1.081526e-48	6.096882e-02	7.810297e-03	3.690927e-03
1.752473e+00	1.188058e+00	1.752473	6	0.811942	5.602331e-02	3.606793e-30	2.806711e-02	6.833036e-73	8.454791e-01	7.827676e-36	6.992375e-49	5.904964e-02	7.584977e-03	3.795878e-03
1.724434e+00	1.207841e+00	1.724434	6	0.792159	5.400860e-02	3.970264e-43	2.748797e-02	0.000000e+00	8.499869e-01	0.000000e+00	0.000000e+00	5.725195e-02	7.373616e-03	3.890971e-03
1.696843e+00	1.227024e+00	1.696843	6	0.772976	5.212227e-02	0.000000e+00	2.694047e-02	0.000000e+00	8.542201e-01	0.000000e+00	0.000000e+00	5.556493e-02	7.174982e-03	3.977211e-03
1.669693e+00	1.245628e+00	1.669693	6	0.754372	5.035306e-02	7.673475e-28	2.642203e-02	7.647104e-66	8.582024e-01	2.740554e-33	4.916119e-45	5.397901e-02	6.987985e-03	4.055476e-03
1.642978e+00	1.263675e+00	1.642978	6	0.736325	4.869094e-02	0.000000e+00	2.593036e-02	0.000000e+00	8.619548e-01	0.000000e+00	0.000000e+00	5.248569e-02	6.811658e-03	4.126549e-03
1.616691e+00	1.281188e+00	1.616691	6	0.718812	4.712701e-02	8.179672e-27	2.546339e-02	1.149916e-62	8.654960e-01	3.501803e-32	4.296944e-44	5.107739e-02	6.645136e-03	4.191125e-03
1.590823e+00	1.298184e+00	1.590823	6	0.701816	4.565327e-02	0.000000e+00	2.501929e-02	0.000000e+00	8.688427e-01	0.000000e+00	0.000000e+00	4.974731e-02	6.487645e-03	4.249812e-03
1.565370e+00	1.314684e+00	1.565370	6	0.685316	4.426260e-02	2.736501e-25	2.459638e-02	0.000000e+00	8.720100e-01	1.433205e-30	2.898432e-47	4.848936e-02	6.338491e-03	4.303158e-03
1.540324e+00	1.330706e+00	1.540324	6	0.669294	4.294856e-02	0.000000e+00	2.419318e-02	0.000000e+00	8.750115e-01	0.000000e+00	0.000000e+00	4.729809e-02	6.197049e-03	4.351649e-03
1.515679e+00	1.346266e+00	1.515679	6	0.653734	4.170537e-02	4.143527e-24	2.380832e-02	2.382353e-52	8.778593e-01	3.260003e-29	5.481537e-40	4.616853e-02	6.062754e-03	4.395723e-03
1.491428e+00	1.361381e+00	1.491428	6	0.638619	4.052778e-02	1.202837e-23	2.344057e-02	1.493755e-58	8.805646e-01	1.006456e-28	1.373013e-39	4.509622e-02	5.935095e-03	4.435771e-03
1.467565e+00	1.376068e+00	1.467565	6	0.623932	3.941107e-02	0.000000e+00	2.308882e-02	0.000000e+00	8.831372e-01	0.000000e+00	0.000000e+00	4.407712e-02	5.813611e-03	4.472145e-03
1.444084e+00	1.390341e+00	1.444084	6	0.609659	3.835092e-02	7.108184e-23	2.275203e-02	7.115334e-57	8.855865e-01	7.810719e-28	5.729706e-38	4.310754e-02	5.697878e-03	4.505161e-03
1.420979e+00	1.404215e+00	1.420979	6	0.595785	3.734343e-02	0.000000e+00	2.242927e-02	0.000000e+00	8.879206e-01	0.000000e+00	0.000000e+00	4.218412e-02	5.587514e-03	4.535107e-03
1.398243e+00	1.417703e+00	1.398243	6	0.582297	3.638502e-02	3.601368e-22	2.211970e-02	2.570915e-54	8.901471e-01	5.825045e-27	1.983175e-36	4.130382e-02	5.482169e-03	4.562241e-03
1.375872e+00	1.430819e+00	1.375872	6	0.569181	3.547244e-02	0.000000e+00	2.182251e-02	0.000000e+00	8.922729e-01	0.000000e+00	0.000000e+00	4.046382e-02	5.381520e-03	4.586797e-03
1.353858e+00	1.443576e+00	1.353858	6	0.556424	3.460269e-02	0.000000e+00	2.153700e-02	0.000000e+00	8.943045e-01	0.000000e+00	0.000000e+00	3.966158e-02	5.285275e-03	4.608988e-03
1.332196e+00	1.455986e+00	1.332196	6	0.544014	3.377305e-02	3.106932e-22	2.126249e-02	3.870190e-54	8.962476e-01	2.280361e-27	6.472130e-38	3.889472e-02	5.193163e-03	4.629007e-03
1.310881e+00	1.468060e+00	1.310881	6	0.531940	3.298099e-02	0.000000e+00	2.099837e-02	0.000000e+00	8.981076e-01	0.000000e+00	0.000000e+00	3.816110e-02	5.104935e-03	4.647030e-03
1.289907e+00	1.479810e+00	1.289907	6	0.520190	3.222422e-02	0.000000e+00	2.074407e-02	0.000000e+00	8.998894e-01	0.000000e+00	0.000000e+00	3.745872e-02	5.020364e-03	4.663218e-03
1.269268e+00	1.491246e+00	1.269268	6	0.508754	3.150058e-02	0.000000e+00	2.049906e-02	0.000000e+00	9.015977e-01	0.000000e+00	0.000000e+00	3.678574e-02	4.939236e-03	4.677717e-03
1.248960e+00	1.502379e+00	1.248960	6	0.497621	3.080813e-02	5.889252e-21	2.026286e-02	1.227920e-50	9.032365e-01	4.766205e-26	3.076488e-36	3.614046e-02	4.861357e-03	4.690660e-03
1.228976e+00	1.513219e+00	1.228976	6	0.486781	3.014503e-02	8.648316e-21	2.003501e-02	6.795299e-48	9.048099e-01	9.503513e-26	7.588381e-35	3.552130e-02	4.786545e-03	4.702170e-03
1.209313e+00	1.523774e+00	1.209313	6	0.476226	2.950961e-02	4.230328e-20	1.981509e-02	1.026460e-51	9.063215e-01	4.063120e-25	1.735236e-34	3.492683e-02	4.714633e-03	4.712360e-03
1.189964e+00	1.534055e+00	1.189964	6	0.465945	2.890030e-02	2.771059e-20	1.960271e-02	0.000000e+00	9.077745e-01	2.905329e-33	0.000000e+00	3.435567e-02	4.645464e-03	4.721331e-03
1.170924e+00	1.544070e+00	1.170924	6	0.455930	2.831566e-02	0.000000e+00	1.939749e-02	0.000000e+00	9.091722e-01	0.000000e+00	0.000000e+00	3.380658e-02	4.578894e-03	4.729179e-03
1.152190e+00	1.553828e+00	1.152190	6	0.446172	2.775434e-02	2.114486e-19	1.919910e-02	1.424188e-45	9.105174e-01	3.120255e-24	1.459019e-32	3.327839e-02	4.514788e-03	4.735990e-03
1.133755e+00	1.563336e+00	1.133755	6	0.436664	2.721510e-02	2.454147e-19	1.900722e-02	3.494837e-48	9.118128e-01	2.261290e-24	3.092020e-33	3.277001e-02	4.453019e-03	4.741844e-03
1.115615e+00	1.572603e+00	1.115615	6	0.427397	2.669675e-02	1.317585e-18	1.882153e-02	3.642695e-45	9.130610e-01	6.639936e-23	5.751068e-30	3.228042e-02	4.393471e-03	4.746815e-03
1.097765e+00	1.581635e+00	1.097765	6	0.418365	2.619821e-02	0.000000e+00	1.864177e-02	0.000000e+00	9.142643e-01	0.000000e+00	0.000000e+00	3.180867e-02	4.336032e-03	4.750970e-03
1.080200e+00	1.590441e+00	1.080200	6	0.409559	2.571848e-02	3.497429e-18	1.846767e-02	0.000000e+00	9.154250e-01	4.024890e-29	0.000000e+00	3.135388e-02	4.280602e-03	4.754371e-03
1.062917e+00	1.599026e+00	1.062917	6	0.400974	2.525659e-02	2.049812e-18	1.829897e-02	9.215323e-43	9.165451e-01	2.212832e-23	1.381586e-32	3.091522e-02	4.227082e-03	4.757078e-03
1.045911e+00	1.607399e+00	1.045911	6	0.392601	2.481166e-02	4.359755e-18	1.813545e-02	0.000000e+00	9.176265e-01	1.069367e-31	0.000000e+00	3.049191e-02	4.175384e-03	4.759141e-03
1.029176e+00	1.615564e+00	1.029176	6	0.384436	2.438286e-02	5.552380e-18	1.797688e-02	1.103152e-43	9.186710e-01	6.675682e-23	9.041274e-31	3.008323e-02	4.125423e-03	4.760612e-03
1.012709e+00	1.623529e+00	1.012709	6	0.376471	2.396941e-02	9.343352e-18	1.782305e-02	0.000000e+00	9.196804e-01	1.064112e-28	0.000000e+00	2.968848e-02	4.077118e-03	4.761536e-03
9.965058e-01	1.631300e+00	0.996506	6	0.368700	2.357057e-02	9.249587e-18	1.767378e-02	1.198415e-49	9.206563e-01	1.965933e-23	3.560995e-33	2.930703e-02	4.030395e-03	4.761955e-03
9.805617e-01	1.638881e+00	0.980562	6	0.361119	2.318565e-02	1.206109e-17	1.752886e-02	0.000000e+00	9.216001e-01	6.678062e-23	1.074091e-40	2.893827e-02	3.985185e-03	4.761907e-03
9.648728e-01	1.646280e+00	0.964873	6	0.353720	2.281402e-02	1.967474e-17	1.738814e-02	6.487886e-42	9.225134e-01	1.202870e-22	5.857924e-31	2.858164e-02	3.941419e-03	4.761430e-03
9.494348e-01	1.653500e+00	0.949435	6	0.346500	2.245505e-02	5.066658e-18	1.725144e-02	5.207334e-47	9.233973e-01	1.106693e-22	1.391935e-31	2.823659e-02	3.899036e-03	4.760557e-03
9.342438e-01	1.660548e+00	0.934244	6	0.339452	2.210819e-02	2.045206e-18	1.711861e-02	3.363122e-47	9.242533e-01	4.465429e-23	4.144581e-32	2.790262e-02	3.857977e-03	4.759318e-03
9.192959e-01	1.667428e+00	0.919296	6	0.332572	2.177288e-02	5.461900e-18	1.698949e-02	1.028516e-46	9.250825e-01	1.393685e-22	2.850922e-31	2.757925e-02	3.818187e-03	4.757744e-03
9.045872e-01	1.674145e+00	0.904587	6	0.325855	2.144862e-02	9.468471e-19	1.686395e-02	3.362839e-48	9.258859e-01	1.413398e-23	6.718208e-33	2.726603e-02	3.779611e-03	4.755861e-03
8.901138e-01	1.680704e+00	0.890114	6	0.319296	2.113492e-02	1.504057e-17	1.674185e-02	1.025478e-44	9.266648e-01	5.363656e-22	8.681446e-30	2.696254e-02	3.742201e-03	4.753693e-03
8.758720e-01	1.687109e+00	0.875872	6	0.312891	2.083134e-02	8.850121e-18	1.662307e-02	1.548207e-43	9.274200e-01	4.417907e-22	7.194911e-30	2.666838e-02	3.705909e-03	4.751265e-03
8.618580e-01	1.693365e+00	0.861858	6	0.306635	2.053744e-02	2.322695e-17	1.650748e-02	1.296804e-47	9.281526e-01	5.499274e-22	7.378960e-31	2.638315e-02	3.670691e-03	4.748597e-03
8.480683e-01	1.699476e+00	0.848068	6	0.300524	2.025282e-02	1.186259e-20	1.639497e-02	0.000000e+00	9.288635e-01	4.554224e-27	9.319624e-48	2.610651e-02	3.636504e-03	4.745711e-03
8.344992e-01	1.705445e+00	0.834499	6	0.294555	1.997709e-02	0.000000e+00	1.628543e-02	0.000000e+00	9.295535e-01	0.000000e+00	0.000000e+00	2.583810e-02	3.603308e-03	4.742624e-03
8.211472e-01	1.711277e+00	0.821147	6	0.288723	1.970988e-02	5.130174e-20	1.617875e-02	1.682692e-53	9.302233e-01	5.070526e-29	7.026909e-39	2.557761e-02	3.571065e-03	4.739353e-03
8.080089e-01	1.716976e+00	0.808009	6	0.283024	1.945086e-02	5.853799e-20	1.607484e-02	1.469293e-47	9.308739e-01	3.283726e-25	7.225779e-35	2.532472e-02	3.539738e-03	4.735917e-03
7.950807e-01	1.722545e+00	0.795081	6	0.277455	1.919969e-02	0.000000e+00	1.597360e-02	0.000000e+00	9.315059e-01	0.000000e+00	0.000000e+00	2.507914e-02	3.509293e-03	4.732328e-03
7.823594e-01	1.727987e+00	0.782359	6	0.272013	1.895606e-02	0.000000e+00	1.587493e-02	0.000000e+00	9.321201e-01	0.000000e+00	0.000000e+00	2.484060e-02	3.479697e-03	4.728602e-03
7.698417e-01	1.733307e+00	0.769842	6	0.266693	1.871968e-02	4.692952e-23	1.577876e-02	0.000000e+00	9.327171e-01	0.000000e+00	0.000000e+00	2.460882e-02	3.450919e-03	4.724751e-03
7.575242e-01	1.738507e+00	0.757524	6	0.261493	1.849027e-02	2.718761e-17	1.568501e-02	4.178875e-49	9.332974e-01	5.154590e-23	4.475184e-33	2.438356e-02	3.422930e-03	4.720788e-03
7.454038e-01	1.743591e+00	0.745404	6	0.256409	1.826755e-02	8.470659e-13	1.559358e-02	0.000000e+00	9.338619e-01	0.000000e+00	0.000000e+00	2.416458e-02	3.395700e-03	4.716725e-03
7.334774e-01	1.748561e+00	0.733477	6	0.251439	1.805128e-02	9.014938e-17	1.550440e-02	2.106334e-48	9.344109e-01	8.339117e-23	5.845474e-33	2.395164e-02	3.369203e-03	4.712571e-03
7.217417e-01	1.753421e+00	0.721742	6	0.246579	1.784121e-02	2.050288e-24	1.541741e-02	0.000000e+00	9.349451e-01	2.177969e-35	0.000000e+00	2.374454e-02	3.343413e-03	4.708336e-03
7.101939e-01	1.758174e+00	0.710194	6	0.241826	1.763712e-02	6.769501e-16	1.533254e-02	0.000000e+00	9.354650e-01	7.037131e-22	1.168741e-40	2.354305e-02	3.318306e-03	4.704030e-03
6.988308e-01	1.762823e+00	0.698831	6	0.237177	1.743877e-02	0.000000e+00	1.524971e-02	0.000000e+00	9.359710e-01	0.000000e+00	0.000000e+00	2.334699e-02	3.293857e-03	4.699662e-03
6.876495e-01	1.767369e+00	0.687649	6	0.232631	1.724597e-02	0.000000e+00	1.516886e-02	0.000000e+00	9.364637e-01	0.000000e+00	0.000000e+00	2.315616e-02	3.270045e-03	4.695239e-03
6.766471e-01	1.771817e+00	0.676647	6	0.228183	1.705851e-02	0.000000e+00	1.508993e-02	0.000000e+00	9.369436e-01	0.000000e+00	0.000000e+00	2.297038e-02	3.246848e-03	4.690770e-03
6.658207e-01	1.776168e+00	0.665821	6	0.223832	1.687621e-02	7.183220e-23	1.501287e-02	6.662284e-56	9.374109e-01	5.158879e-31	3.453261e-42	2.278948e-02	3.224245e-03	4.686260e-03
6.551676e-01	1.780424e+00	0.655168	6	0.219576	1.669888e-02	1.021246e-21	1.493762e-02	7.751954e-52	9.378663e-01	2.048332e-30	2.920368e-41	2.261330e-02	3.202217e-03	4.681716e-03
6.446849e-01	1.784589e+00	0.644685	6	0.215411	1.652634e-02	2.559137e-15	1.486412e-02	0.000000e+00	9.383100e-01	0.000000e+00	0.000000e+00	2.244167e-02	3.180745e-03	4.677145e-03
6.343700e-01	1.788665e+00	0.634370	6	0.211335	1.635843e-02	4.391333e-22	1.479232e-02	0.000000e+00	9.387424e-01	1.835550e-28	1.652583e-45	2.227445e-02	3.159811e-03	4.672551e-03
6.242200e-01	1.792653e+00	0.624220	6	0.207347	1.619500e-02	3.759241e-15	1.472217e-02	0.000000e+00	9.391640e-01	0.000000e+00	0.000000e+00	2.211149e-02	3.139397e-03	4.667941e-03
6.142325e-01	1.796557e+00	0.614233	6	0.203443	1.603588e-02	3.316274e-18	1.465362e-02	5.580731e-52	9.395750e-01	5.447413e-28	1.202926e-37	2.195264e-02	3.119487e-03	4.663319e-03
6.044048e-01	1.800377e+00	0.604405	6	0.199623	1.588094e-02	5.488959e-18	1.458663e-02	5.398155e-52	9.399759e-01	8.860789e-28	5.274143e-37	2.179779e-02	3.100066e-03	4.658690e-03
5.947343e-01	1.804117e+00	0.594734	6	0.195883	1.573003e-02	5.194136e-23	1.452116e-02	3.385768e-52	9.403668e-01	5.467126e-28	6.402954e-38	2.164679e-02	3.081117e-03	4.654057e-03
5.852186e-01	1.807779e+00	0.585219	6	0.192221	1.558302e-02	1.474091e-17	1.445715e-02	8.837366e-54	9.407482e-01	1.459796e-27	2.039289e-38	2.149953e-02	3.062627e-03	4.649426e-03
5.758551e-01	1.811363e+00	0.575855	6	0.188637	1.543979e-02	5.294655e-21	1.439457e-02	7.233525e-53	9.411204e-01	1.361757e-27	1.062528e-38	2.135589e-02	3.044581e-03	4.644799e-03
5.666414e-01	1.814872e+00	0.566641	6	0.185128	1.530020e-02	1.794355e-15	1.433338e-02	0.000000e+00	9.414835e-01	0.000000e+00	0.000000e+00	2.121576e-02	3.026965e-03	4.640179e-03
5.575751e-01	1.818309e+00	0.557575	6	0.181691	1.516415e-02	2.296527e-17	1.427354e-02	3.395163e-50	9.418379e-01	4.487487e-25	7.632379e-35	2.107903e-02	3.009767e-03	4.635571e-03
5.486539e-01	1.821674e+00	0.548654	6	0.178326	1.503152e-02	2.317155e-15	1.421501e-02	1.984316e-49	9.421839e-01	7.184535e-22	1.970217e-32	2.094559e-02	2.992975e-03	4.630976e-03
5.398755e-01	1.824969e+00	0.539875	6	0.175031	1.490219e-02	1.690409e-16	1.415775e-02	2.133591e-51	9.425217e-01	8.001338e-23	1.702884e-33	2.081535e-02	2.976575e-03	4.626398e-03
5.312375e-01	1.828197e+00	0.531237	6	0.171803	1.477608e-02	1.185458e-14	1.410175e-02	0.000000e+00	9.428516e-01	0.000000e+00	0.000000e+00	2.068820e-02	2.960558e-03	4.621839e-03
5.227377e-01	1.831358e+00	0.522738	6	0.168642	1.465307e-02	1.718049e-15	1.404694e-02	4.783825e-53	9.431737e-01	1.279082e-21	2.280666e-31	2.056406e-02	2.944910e-03	4.617302e-03
5.143739e-01	1.834455e+00	0.514374	6	0.165545	1.453307e-02	1.776793e-17	1.399332e-02	0.000000e+00	9.434884e-01	8.129319e-26	1.061893e-45	2.044284e-02	2.929623e-03	4.612788e-03
5.061439e-01	1.837488e+00	0.506144	6	0.162512	1.441599e-02	0.000000e+00	1.394084e-02	0.000000e+00	9.437957e-01	0.000000e+00	0.000000e+00	2.032444e-02	2.914685e-03	4.608299e-03
4.980456e-01	1.840460e+00	0.498046	6	0.159540	1.430175e-02	0.000000e+00	1.388948e-02	0.000000e+00	9.440960e-01	0.000000e+00	0.000000e+00	2.020880e-02	2.900086e-03	4.603838e-03
4.900768e-01	1.843371e+00	0.490077	6	0.156629	1.419024e-02	6.952965e-17	1.383921e-02	2.257901e-55	9.443895e-01	1.746288e-27	4.615640e-39	2.009582e-02	2.885818e-03	4.599406e-03
4.822356e-01	1.846224e+00	0.482236	6	0.153776	1.408140e-02	3.346639e-30	1.378999e-02	0.000000e+00	9.446763e-01	1.397581e-31	1.659693e-52	1.998544e-02	2.871870e-03	4.595004e-03
4.745198e-01	1.849019e+00	0.474520	6	0.150981	1.397514e-02	4.627193e-17	1.374181e-02	6.669298e-54	9.449566e-01	6.450838e-26	1.283066e-37	1.987758e-02	2.858234e-03	4.590635e-03
4.669275e-01	1.851758e+00	0.466928	6	0.148242	1.387139e-02	2.966006e-14	1.369463e-02	0.000000e+00	9.452306e-01	0.000000e+00	0.000000e+00	1.977216e-02	2.844901e-03	4.586298e-03
4.594567e-01	1.854442e+00	0.459457	6	0.145558	1.377007e-02	0.000000e+00	1.364844e-02	0.000000e+00	9.454985e-01	0.000000e+00	0.000000e+00	1.966912e-02	2.831863e-03	4.581996e-03
4.521054e-01	1.857073e+00	0.452105	6	0.142927	1.367111e-02	1.560584e-27	1.360320e-02	0.000000e+00	9.457605e-01	0.000000e+00	0.000000e+00	1.956840e-02	2.819112e-03	4.577729e-03
4.448717e-01	1.859651e+00	0.444872	6	0.140349	1.357445e-02	1.856899e-16	1.355889e-02	1.162460e-57	9.460166e-01	4.315276e-27	7.345783e-39	1.946992e-02	2.806640e-03	4.573499e-03
4.377537e-01	1.862179e+00	0.437754	6	0.137821	1.348002e-02	0.000000e+00	1.351549e-02	0.000000e+00	9.462671e-01	0.000000e+00	0.000000e+00	1.937363e-02	2.794440e-03	4.569306e-03
4.307497e-01	1.864656e+00	0.430750	6	0.135344	1.338775e-02	2.099720e-16	1.347297e-02	0.000000e+00	9.465122e-01	1.293764e-35	0.000000e+00	1.927947e-02	2.782504e-03	4.565151e-03
4.238577e-01	1.867084e+00	0.423858	6	0.132916	1.329759e-02	1.712579e-22	1.343132e-02	0.000000e+00	9.467518e-01	4.553887e-39	0.000000e+00	1.918738e-02	2.770825e-03	4.561035e-03
4.170760e-01	1.869465e+00	0.417076	6	0.130535	1.320948e-02	3.482552e-17	1.339052e-02	0.000000e+00	9.469864e-01	0.000000e+00	0.000000e+00	1.909730e-02	2.759397e-03	4.556958e-03
4.104027e-01	1.871799e+00	0.410403	6	0.128201	1.312335e-02	3.128783e-16	1.335054e-02	1.705405e-63	9.472158e-01	6.739942e-27	1.832021e-39	1.900918e-02	2.748214e-03	4.552921e-03
4.038363e-01	1.874088e+00	0.403836	6	0.125912	1.303916e-02	0.000000e+00	1.331136e-02	0.000000e+00	9.474403e-01	0.000000e+00	0.000000e+00	1.892297e-02	2.737268e-03	4.548925e-03
3.973749e-01	1.876332e+00	0.397375	6	0.123668	1.295685e-02	3.588893e-16	1.327296e-02	4.282151e-61	9.476600e-01	1.013298e-26	9.114972e-39	1.883862e-02	2.726554e-03	4.544969e-03
3.910169e-01	1.878532e+00	0.391017	6	0.121468	1.287637e-02	1.533244e-26	1.323534e-02	0.000000e+00	9.478751e-01	0.000000e+00	0.000000e+00	1.875608e-02	2.716065e-03	4.541055e-03
3.847607e-01	1.880689e+00	0.384761	6	0.119311	1.279766e-02	1.822169e-13	1.319846e-02	0.000000e+00	9.480856e-01	0.000000e+00	0.000000e+00	1.867531e-02	2.705797e-03	4.537182e-03
3.786045e-01	1.882805e+00	0.378604	6	0.117195	1.272070e-02	1.634521e-17	1.316231e-02	0.000000e+00	9.482917e-01	0.000000e+00	0.000000e+00	1.859625e-02	2.695743e-03	4.533352e-03
3.725468e-01	1.884880e+00	0.372547	6	0.115120	1.264541e-02	0.000000e+00	1.312687e-02	0.000000e+00	9.484934e-01	0.000000e+00	0.000000e+00	1.851886e-02	2.685898e-03	4.529563e-03
3.665861e-01	1.886916e+00	0.366586	6	0.113084	1.257177e-02	1.521694e-13	1.309213e-02	0.000000e+00	9.486909e-01	0.000000e+00	0.000000e+00	1.844311e-02	2.676258e-03	4.525816e-03
3.607207e-01	1.888912e+00	0.360721	6	0.111088	1.249973e-02	2.720604e-15	1.305807e-02	4.227494e-60	9.488843e-01	6.408871e-26	3.257294e-37	1.836894e-02	2.666816e-03	4.522112e-03
3.549492e-01	1.890870e+00	0.354949	6	0.109130	1.242924e-02	2.971800e-15	1.302468e-02	0.000000e+00	9.490737e-01	8.948215e-26	1.308649e-49	1.829633e-02	2.657568e-03	4.518451e-03
3.492700e-01	1.892790e+00	0.349270	6	0.107210	1.236027e-02	1.377395e-19	1.299194e-02	0.000000e+00	9.492592e-01	0.000000e+00	0.000000e+00	1.822522e-02	2.648510e-03	4.514831e-03
3.436816e-01	1.894674e+00	0.343682	6	0.105326	1.229277e-02	4.648606e-16	1.295983e-02	1.631858e-63	9.494409e-01	1.077272e-25	4.506863e-38	1.815559e-02	2.639636e-03	4.511255e-03
3.381827e-01	1.896523e+00	0.338183	6	0.103477	1.222672e-02	8.743297e-13	1.292834e-02	0.000000e+00	9.496189e-01	0.000000e+00	0.000000e+00	1.808740e-02	2.630942e-03	4.507720e-03
3.327718e-01	1.898336e+00	0.332772	6	0.101664	1.216206e-02	9.924938e-16	1.289746e-02	0.000000e+00	9.497932e-01	0.000000e+00	0.000000e+00	1.802060e-02	2.622424e-03	4.504229e-03
3.274475e-01	1.900115e+00	0.327447	6	0.099885	1.209877e-02	2.859066e-16	1.286718e-02	0.000000e+00	9.499640e-01	0.000000e+00	0.000000e+00	1.795518e-02	2.614078e-03	4.500779e-03
3.222083e-01	1.901861e+00	0.322208	6	0.098139	1.203682e-02	2.168718e-23	1.283747e-02	5.424855e-67	9.501314e-01	4.351589e-29	4.336517e-42	1.789109e-02	2.605899e-03	4.497372e-03
3.170530e-01	1.903573e+00	0.317053	6	0.096427	1.197616e-02	8.621240e-22	1.280833e-02	0.000000e+00	9.502953e-01	1.704047e-40	0.000000e+00	1.782830e-02	2.597884e-03	4.494007e-03
3.119801e-01	1.905254e+00	0.311980	6	0.094746	1.191677e-02	2.332006e-14	1.277975e-02	0.000000e+00	9.504560e-01	0.000000e+00	0.000000e+00	1.776678e-02	2.590029e-03	4.490683e-03
3.069884e-01	1.906903e+00	0.306988	6	0.093097	1.185861e-02	2.966042e-15	1.275171e-02	0.000000e+00	9.506134e-01	0.000000e+00	0.000000e+00	1.770651e-02	2.582330e-03	4.487402e-03
3.020766e-01	1.908521e+00	0.302077	6	0.091479	1.180166e-02	1.525326e-15	1.272420e-02	0.000000e+00	9.507678e-01	0.000000e+00	0.000000e+00	1.764744e-02	2.574783e-03	4.484162e-03
2.972434e-01	1.910109e+00	0.297243	6	0.089891	1.174588e-02	5.020231e-13	1.269722e-02	0.000000e+00	9.509190e-01	0.000000e+00	0.000000e+00	1.758956e-02	2.567385e-03	4.480964e-03
2.924875e-01	1.911668e+00	0.292488	6	0.088332	1.169124e-02	2.836249e-16	1.267073e-02	0.000000e+00	9.510673e-01	0.000000e+00	0.000000e+00	1.753283e-02	2.560133e-03	4.477807e-03
2.878077e-01	1.913197e+00	0.287808	6	0.086803	1.163773e-02	1.330479e-13	1.264475e-02	0.000000e+00	9.512126e-01	0.000000e+00	0.000000e+00	1.747723e-02	2.553022e-03	4.474690e-03
2.832028e-01	1.914699e+00	0.283203	6	0.085301	1.158530e-02	2.109933e-16	1.261926e-02	0.000000e+00	9.513550e-01	0.000000e+00	0.000000e+00	1.742273e-02	2.546051e-03	4.471614e-03
2.786715e-01	1.916172e+00	0.278672	6	0.083828	1.153395e-02	1.980056e-15	1.259424e-02	0.000000e+00	9.514947e-01	0.000000e+00	0.000000e+00	1.736931e-02	2.539215e-03	4.468579e-03
2.742128e-01	1.917619e+00	0.274213	6	0.082381	1.148363e-02	4.644860e-23	1.256968e-02	0.000000e+00	9.516317e-01	0.000000e+00	0.000000e+00	1.731694e-02	2.532512e-03	4.465584e-03
2.698254e-01	1.919039e+00	0.269825	6	0.080961	1.143432e-02	4.293452e-19	1.254559e-02	6.687848e-75	9.517659e-01	1.725495e-26	2.012023e-40	1.726560e-02	2.525939e-03	4.462628e-03
2.655082e-01	1.920432e+00	0.265508	6	0.079568	1.138601e-02	8.662599e-15	1.252194e-02	8.056092e-66	9.518976e-01	7.224366e-26	1.853870e-38	1.721526e-02	2.519493e-03	4.459713e-03
2.612601e-01	1.921801e+00	0.261260	6	0.078199	1.133866e-02	8.583128e-17	1.249873e-02	0.000000e+00	9.520267e-01	0.000000e+00	0.000000e+00	1.716590e-02	2.513171e-03	4.456836e-03
2.570799e-01	1.923144e+00	0.257080	6	0.076856	1.129226e-02	9.029149e-26	1.247594e-02	2.819618e-78	9.521533e-01	2.870301e-31	3.170313e-46	1.711751e-02	2.506969e-03	4.453998e-03
2.529666e-01	1.924462e+00	0.252967	6	0.075538	1.124678e-02	2.334829e-24	1.245358e-02	0.000000e+00	9.522775e-01	0.000000e+00	0.000000e+00	1.707005e-02	2.500887e-03	4.451198e-03
2.489192e-01	1.925757e+00	0.248919	6	0.074243	1.120221e-02	3.728187e-17	1.243163e-02	0.000000e+00	9.523993e-01	0.000000e+00	0.000000e+00	1.702350e-02	2.494921e-03	4.448437e-03
2.449364e-01	1.927028e+00	0.244936	6	0.072972	1.115851e-02	6.495731e-19	1.241008e-02	0.000000e+00	9.525188e-01	0.000000e+00	0.000000e+00	1.697785e-02	2.489067e-03	4.445714e-03
2.410175e-01	1.928276e+00	0.241017	6	0.071724	1.111568e-02	4.125708e-19	1.238892e-02	0.000000e+00	9.526360e-01	0.000000e+00	0.000000e+00	1.693308e-02	2.483325e-03	4.443028e-03
2.371612e-01	1.929501e+00	0.237161	6	0.070499	1.107368e-02	9.640679e-19	1.236815e-02	4.131586e-66	9.527509e-01	1.625708e-25	9.650582e-38	1.688917e-02	2.477692e-03	4.440379e-03
2.333666e-01	1.930705e+00	0.233367	6	0.069295	1.103251e-02	1.151230e-17	1.234776e-02	5.429592e-75	9.528637e-01	2.427885e-27	2.253711e-40	1.684610e-02	2.472165e-03	4.437767e-03
2.296327e-01	1.931886e+00	0.229633	6	0.068114	1.099214e-02	1.567660e-12	1.232774e-02	0.000000e+00	9.529743e-01	0.000000e+00	0.000000e+00	1.680384e-02	2.466742e-03	4.435191e-03
2.259586e-01	1.933046e+00	0.225959	6	0.066954	1.095256e-02	2.067601e-12	1.230808e-02	0.000000e+00	9.530829e-01	0.000000e+00	0.000000e+00	1.676239e-02	2.461420e-03	4.432652e-03
2.223433e-01	1.934186e+00	0.222343	6	0.065814	1.091375e-02	2.427989e-13	1.228878e-02	0.000000e+00	9.531894e-01	0.000000e+00	0.000000e+00	1.672172e-02	2.456199e-03	4.430148e-03
2.187858e-01	1.935305e+00	0.218786	6	0.064695	1.087568e-02	4.974332e-13	1.226982e-02	0.000000e+00	9.532939e-01	2.337886e-36	0.000000e+00	1.668182e-02	2.451074e-03	4.427679e-03
2.152852e-01	1.936403e+00	0.215285	6	0.063597	1.083835e-02	7.953222e-24	1.225121e-02	0.000000e+00	9.533965e-01	0.000000e+00	0.000000e+00	1.664268e-02	2.446046e-03	4.425245e-03
2.118406e-01	1.937483e+00	0.211841	6	0.062517	1.080174e-02	4.547338e-22	1.223293e-02	0.000000e+00	9.534971e-01	0.000000e+00	0.000000e+00	1.660427e-02	2.441110e-03	4.422846e-03
2.084512e-01	1.938542e+00	0.208451	6	0.061458	1.076583e-02	9.193629e-25	1.221498e-02	0.000000e+00	9.535959e-01	0.000000e+00	0.000000e+00	1.656657e-02	2.436266e-03	4.420481e-03
2.051160e-01	1.939583e+00	0.205116	6	0.060417	1.073060e-02	1.799463e-13	1.219736e-02	0.000000e+00	9.536928e-01	0.000000e+00	0.000000e+00	1.652959e-02	2.431512e-03	4.418150e-03
2.018341e-01	1.940606e+00	0.201834	6	0.059394	1.069605e-02	6.085564e-14	1.218005e-02	0.000000e+00	9.537879e-01	0.000000e+00	0.000000e+00	1.649329e-02	2.426845e-03	4.415852e-03
1.986048e-01	1.941610e+00	0.198605	6	0.058390	1.066216e-02	1.384416e-23	1.216304e-02	0.000000e+00	9.538813e-01	0.000000e+00	0.000000e+00	1.645767e-02	2.422265e-03	4.413587e-03
1.954271e-01	1.942597e+00	0.195427	6	0.057403	1.062890e-02	3.090645e-14	1.214634e-02	0.000000e+00	9.539729e-01	2.452995e-29	0.000000e+00	1.642271e-02	2.417768e-03	4.411354e-03
1.923003e-01	1.943565e+00	0.192300	6	0.056435	1.059628e-02	1.115165e-16	1.212994e-02	0.000000e+00	9.540629e-01	0.000000e+00	0.000000e+00	1.638839e-02	2.413354e-03	4.409154e-03
1.892235e-01	1.944517e+00	0.189223	6	0.055483	1.056427e-02	5.644226e-14	1.211383e-02	0.000000e+00	9.541512e-01	8.790418e-29	0.000000e+00	1.635472e-02	2.409021e-03	4.406986e-03
1.861959e-01	1.945452e+00	0.186196	6	0.054548	1.053287e-02	9.012785e-18	1.209801e-02	0.000000e+00	9.542379e-01	3.699157e-32	0.000000e+00	1.632166e-02	2.404766e-03	4.404849e-03
1.832168e-01	1.946371e+00	0.183217	6	0.053629	1.050205e-02	4.833128e-14	1.208246e-02	0.000000e+00	9.543229e-01	0.000000e+00	0.000000e+00	1.628921e-02	2.400589e-03	4.402743e-03
1.802853e-01	1.947273e+00	0.180285	6	0.052727	1.047181e-02	1.572144e-12	1.206719e-02	0.000000e+00	9.544065e-01	0.000000e+00	0.000000e+00	1.625735e-02	2.396488e-03	4.400668e-03
1.774007e-01	1.948159e+00	0.177401	6	0.051841	1.044214e-02	1.697805e-14	1.205219e-02	1.960786e-65	9.544885e-01	3.511200e-25	1.077519e-36	1.622608e-02	2.392462e-03	4.398624e-03
1.745623e-01	1.949030e+00	0.174562	6	0.050970	1.041302e-02	2.401324e-13	1.203745e-02	0.000000e+00	9.545690e-01	0.000000e+00	0.000000e+00	1.619538e-02	2.388508e-03	4.396609e-03
1.717693e-01	1.949886e+00	0.171769	6	0.050114	1.038444e-02	2.376693e-12	1.202298e-02	0.000000e+00	9.546481e-01	0.000000e+00	0.000000e+00	1.616524e-02	2.384626e-03	4.394624e-03
1.690210e-01	1.950726e+00	0.169021	6	0.049274	1.035639e-02	1.171702e-12	1.200875e-02	0.000000e+00	9.547257e-01	0.000000e+00	0.000000e+00	1.613565e-02	2.380814e-03	4.392668e-03
1.663167e-01	1.951552e+00	0.166317	6	0.048448	1.032886e-02	4.330954e-19	1.199478e-02	0.000000e+00	9.548020e-01	0.000000e+00	0.000000e+00	1.610659e-02	2.377070e-03	4.390741e-03
1.636556e-01	1.952364e+00	0.163656	6	0.047636	1.030184e-02	5.733497e-18	1.198105e-02	0.000000e+00	9.548768e-01	0.000000e+00	0.000000e+00	1.607807e-02	2.373394e-03	4.388842e-03
1.610371e-01	1.953161e+00	0.161037	6	0.046839	1.027531e-02	5.153484e-21	1.196756e-02	5.450620e-81	9.549503e-01	5.206444e-28	1.633726e-42	1.605005e-02	2.369783e-03	4.386972e-03
1.584605e-01	1.953944e+00	0.158461	6	0.046056	1.024928e-02	1.519046e-12	1.195431e-02	0.000000e+00	9.550225e-01	0.000000e+00	0.000000e+00	1.602255e-02	2.366237e-03	4.385129e-03
1.559251e-01	1.954714e+00	0.155925	6	0.045286	1.022372e-02	2.789459e-13	1.194129e-02	0.000000e+00	9.550934e-01	0.000000e+00	0.000000e+00	1.599554e-02	2.362755e-03	4.383313e-03
1.534303e-01	1.955470e+00	0.153430	6	0.044530	1.019863e-02	1.544743e-19	1.192849e-02	0.000000e+00	9.551630e-01	0.000000e+00	0.000000e+00	1.596901e-02	2.359334e-03	4.381525e-03
1.509755e-01	1.956213e+00	0.150975	6	0.043787	1.017400e-02	4.177436e-14	1.191592e-02	0.000000e+00	9.552314e-01	0.000000e+00	0.000000e+00	1.594296e-02	2.355975e-03	4.379763e-03
1.485599e-01	1.956944e+00	0.148560	6	0.043056	1.014981e-02	3.470591e-17	1.190356e-02	3.748257e-75	9.552985e-01	2.957379e-25	3.220613e-38	1.591738e-02	2.352675e-03	4.378028e-03
1.461829e-01	1.957661e+00	0.146183	6	0.042339	1.012607e-02	4.457075e-12	1.189142e-02	0.000000e+00	9.553645e-01	0.000000e+00	0.000000e+00	1.589226e-02	2.349433e-03	4.376318e-03
1.438440e-01	1.958367e+00	0.143844	6	0.041633	1.010276e-02	1.025118e-12	1.187949e-02	0.000000e+00	9.554293e-01	0.000000e+00	0.000000e+00	1.586758e-02	2.346249e-03	4.374634e-03
1.415425e-01	1.959060e+00	0.141542	6	0.040940	1.007987e-02	2.729812e-12	1.186777e-02	0.000000e+00	9.554929e-01	0.000000e+00	0.000000e+00	1.584335e-02	2.343122e-03	4.372975e-03
1.392778e-01	1.959741e+00	0.139278	6	0.040259	1.005739e-02	5.810651e-12	1.185625e-02	0.000000e+00	9.555554e-01	0.000000e+00	0.000000e+00	1.581954e-02	2.340050e-03	4.371342e-03
1.370493e-01	1.960410e+00	0.137049	6	0.039590	1.003532e-02	1.885040e-17	1.184493e-02	0.000000e+00	9.556168e-01	0.000000e+00	0.000000e+00	1.579616e-02	2.337031e-03	4.369732e-03
1.348566e-01	1.961068e+00	0.134857	6	0.038932	1.001365e-02	5.295247e-21	1.183380e-02	0.000000e+00	9.556771e-01	0.000000e+00	0.000000e+00	1.577320e-02	2.334066e-03	4.368147e-03
1.326988e-01	1.961715e+00	0.132699	6	0.038285	9.992368e-03	6.796831e-14	1.182286e-02	0.000000e+00	9.557364e-01	0.000000e+00	0.000000e+00	1.575064e-02	2.331153e-03	4.366586e-03
1.305757e-01	1.962350e+00	0.130576	6	0.037650	9.971468e-03	1.509185e-13	1.181212e-02	6.938006e-76	9.557946e-01	1.367804e-23	1.705884e-36	1.572847e-02	2.328291e-03	4.365049e-03
1.284865e-01	1.962975e+00	0.128486	6	0.037025	9.950943e-03	1.032827e-17	1.180155e-02	0.000000e+00	9.558518e-01	0.000000e+00	0.000000e+00	1.570670e-02	2.325480e-03	4.363535e-03
1.264307e-01	1.963588e+00	0.126431	6	0.036412	9.930784e-03	1.222361e-21	1.179117e-02	0.000000e+00	9.559080e-01	0.000000e+00	0.000000e+00	1.568532e-02	2.322717e-03	4.362043e-03
1.244078e-01	1.964192e+00	0.124408	6	0.035808	9.910986e-03	1.181022e-15	1.178097e-02	0.000000e+00	9.559632e-01	0.000000e+00	0.000000e+00	1.566431e-02	2.320003e-03	4.360575e-03
1.224173e-01	1.964785e+00	0.122417	6	0.035215	9.891540e-03	8.031181e-24	1.177094e-02	0.000000e+00	9.560174e-01	0.000000e+00	0.000000e+00	1.564367e-02	2.317336e-03	4.359128e-03
1.204586e-01	1.965368e+00	0.120459	6	0.034632	9.872441e-03	8.193318e-12	1.176108e-02	0.000000e+00	9.560707e-01	0.000000e+00	0.000000e+00	1.562339e-02	2.314716e-03	4.357704e-03
1.185312e-01	1.965940e+00	0.118531	6	0.034060	9.853681e-03	2.489783e-12	1.175139e-02	0.000000e+00	9.561230e-01	0.000000e+00	0.000000e+00	1.560346e-02	2.312141e-03	4.356301e-03
1.166347e-01	1.966504e+00	0.116635	6	0.033496	9.835254e-03	1.733514e-16	1.174186e-02	0.000000e+00	9.561745e-01	0.000000e+00	0.000000e+00	1.558389e-02	2.309611e-03	4.354920e-03
1.147686e-01	1.967057e+00	0.114769	6	0.032943	9.817153e-03	9.563932e-12	1.173250e-02	0.000000e+00	9.562250e-01	0.000000e+00	0.000000e+00	1.556466e-02	2.307125e-03	4.353559e-03
1.129323e-01	1.967601e+00	0.112932	6	0.032399	9.799372e-03	4.997789e-12	1.172330e-02	0.000000e+00	9.562747e-01	0.000000e+00	0.000000e+00	1.554576e-02	2.304682e-03	4.352220e-03
1.111254e-01	1.968136e+00	0.111125	6	0.031864	9.781905e-03	7.558680e-23	1.171425e-02	0.000000e+00	9.563235e-01	0.000000e+00	0.000000e+00	1.552719e-02	2.302281e-03	4.350901e-03
1.093474e-01	1.968662e+00	0.109347	6	0.031338	9.764747e-03	5.410587e-13	1.170536e-02	0.000000e+00	9.563714e-01	0.000000e+00	0.000000e+00	1.550894e-02	2.299921e-03	4.349602e-03
1.075978e-01	1.969179e+00	0.107598	6	0.030821	9.747890e-03	1.376724e-12	1.169662e-02	0.000000e+00	9.564186e-01	0.000000e+00	0.000000e+00	1.549101e-02	2.297603e-03	4.348323e-03
1.058762e-01	1.969687e+00	0.105876	6	0.030313	9.731329e-03	1.642922e-17	1.168803e-02	0.000000e+00	9.564649e-01	0.000000e+00	0.000000e+00	1.547340e-02	2.295324e-03	4.347063e-03
1.041822e-01	1.970186e+00	0.104182	6	0.029814	9.715059e-03	7.063507e-22	1.167958e-02	0.000000e+00	9.565104e-01	0.000000e+00	0.000000e+00	1.545609e-02	2.293085e-03	4.345823e-03
1.025153e-01	1.970677e+00	0.102515	6	0.029323	9.699074e-03	1.066145e-12	1.167127e-02	0.000000e+00	9.565551e-01	0.000000e+00	0.000000e+00	1.543907e-02	2.290884e-03	4.344602e-03
1.008751e-01	1.971160e+00	0.100875	6	0.028840	9.683369e-03	3.554818e-11	1.166311e-02	0.000000e+00	9.565990e-01	0.000000e+00	0.000000e+00	1.542235e-02	2.288721e-03	4.343399e-03
9.926106e-02	1.971634e+00	0.099261	6	0.028366	9.667938e-03	2.059425e-14	1.165508e-02	0.000000e+00	9.566422e-01	0.000000e+00	0.000000e+00	1.540592e-02	2.286595e-03	4.342216e-03
9.767289e-02	1.972101e+00	0.097673	6	0.027899	9.652777e-03	1.332079e-16	1.164719e-02	0.000000e+00	9.566847e-01	0.000000e+00	0.000000e+00	1.538978e-02	2.284506e-03	4.341050e-03
9.611012e-02	1.972559e+00	0.096110	6	0.027441	9.637880e-03	6.576238e-15	1.163943e-02	0.000000e+00	9.567264e-01	0.000000e+00	0.000000e+00	1.537391e-02	2.282452e-03	4.339902e-03
9.457236e-02	1.973010e+00	0.094572	6	0.026990	9.623242e-03	3.195359e-13	1.163181e-02	0.000000e+00	9.567674e-01	0.000000e+00	0.000000e+00	1.535831e-02	2.280434e-03	4.338772e-03
9.305920e-02	1.973454e+00	0.093059	6	0.026546	9.608858e-03	2.050740e-12	1.162431e-02	0.000000e+00	9.568077e-01	0.000000e+00	0.000000e+00	1.534299e-02	2.278450e-03	4.337660e-03
9.157025e-02	1.973890e+00	0.091570	6	0.026110	9.594725e-03	4.055177e-24	1.161693e-02	0.000000e+00	9.568474e-01	0.000000e+00	0.000000e+00	1.532792e-02	2.276500e-03	4.336564e-03
9.010513e-02	1.974318e+00	0.090105	6	0.025682	9.580836e-03	1.570659e-12	1.160969e-02	0.000000e+00	9.568863e-01	0.000000e+00	0.000000e+00	1.531312e-02	2.274583e-03	4.335486e-03
8.866345e-02	1.974739e+00	0.088663	6	0.025261	9.567187e-03	3.099209e-20	1.160256e-02	0.000000e+00	9.569246e-01	0.000000e+00	0.000000e+00	1.529856e-02	2.272699e-03	4.334424e-03
8.724483e-02	1.975154e+00	0.087245	6	0.024846	9.553775e-03	1.331577e-12	1.159555e-02	0.000000e+00	9.569622e-01	0.000000e+00	0.000000e+00	1.528426e-02	2.270847e-03	4.333378e-03
8.584891e-02	1.975561e+00	0.085849	6	0.024439	9.540594e-03	9.899469e-12	1.158866e-02	0.000000e+00	9.569992e-01	0.000000e+00	0.000000e+00	1.527020e-02	2.269026e-03	4.332349e-03
8.447533e-02	1.975961e+00	0.084475	6	0.024039	9.527641e-03	3.898596e-17	1.158189e-02	0.000000e+00	9.570355e-01	0.000000e+00	0.000000e+00	1.525638e-02	2.267236e-03	4.331336e-03
8.312373e-02	1.976355e+00	0.083124	6	0.023645	9.514911e-03	3.024823e-11	1.157523e-02	0.000000e+00	9.570712e-01	0.000000e+00	0.000000e+00	1.524280e-02	2.265477e-03	4.330338e-03
8.179375e-02	1.976742e+00	0.081794	6	0.023258	9.502400e-03	9.588045e-17	1.156868e-02	0.000000e+00	9.571064e-01	0.000000e+00	0.000000e+00	1.522945e-02	2.263747e-03	4.329356e-03
8.048505e-02	1.977123e+00	0.080485	6	0.022877	9.490104e-03	9.725413e-12	1.156224e-02	0.000000e+00	9.571409e-01	0.000000e+00	0.000000e+00	1.521632e-02	2.262047e-03	4.328389e-03
7.919729e-02	1.977497e+00	0.079197	6	0.022503	9.478020e-03	6.335687e-11	1.155591e-02	0.000000e+00	9.571748e-01	0.000000e+00	0.000000e+00	1.520342e-02	2.260376e-03	4.327437e-03
7.793013e-02	1.977865e+00	0.077930	6	0.022135	9.466142e-03	6.851703e-21	1.154968e-02	0.000000e+00	9.572082e-01	0.000000e+00	0.000000e+00	1.519074e-02	2.258733e-03	4.326500e-03
7.668325e-02	1.978227e+00	0.076683	6	0.021773	9.454468e-03	1.974830e-12	1.154356e-02	0.000000e+00	9.572410e-01	4.178094e-22	0.000000e+00	1.517827e-02	2.257117e-03	4.325578e-03
7.545632e-02	1.978583e+00	0.075456	6	0.021417	9.442994e-03	7.945935e-12	1.153754e-02	0.000000e+00	9.572733e-01	0.000000e+00	0.000000e+00	1.516601e-02	2.255529e-03	4.324670e-03
7.424901e-02	1.978933e+00	0.074249	6	0.021067	9.431716e-03	3.525706e-15	1.153162e-02	0.000000e+00	9.573050e-01	0.000000e+00	0.000000e+00	1.515397e-02	2.253968e-03	4.323776e-03
7.306103e-02	1.979277e+00	0.073061	6	0.020723	9.420631e-03	1.737334e-12	1.152579e-02	0.000000e+00	9.573361e-01	0.000000e+00	0.000000e+00	1.514212e-02	2.252433e-03	4.322895e-03
7.189205e-02	1.979616e+00	0.071892	6	0.020384	9.409734e-03	2.785782e-12	1.152007e-02	0.000000e+00	9.573668e-01	0.000000e+00	0.000000e+00	1.513048e-02	2.250923e-03	4.322029e-03
7.074178e-02	1.979948e+00	0.070742	6	0.020052	9.399024e-03	9.743182e-13	1.151444e-02	0.000000e+00	9.573969e-01	0.000000e+00	0.000000e+00	1.511903e-02	2.249440e-03	4.321176e-03
6.960991e-02	1.980275e+00	0.069610	6	0.019725	9.388496e-03	1.307111e-13	1.150890e-02	0.000000e+00	9.574265e-01	0.000000e+00	0.000000e+00	1.510777e-02	2.247981e-03	4.320337e-03
6.849615e-02	1.980597e+00	0.068496	6	0.019403	9.378147e-03	4.470366e-18	1.150346e-02	0.000000e+00	9.574556e-01	0.000000e+00	0.000000e+00	1.509671e-02	2.246546e-03	4.319510e-03
6.740022e-02	1.980914e+00	0.067400	6	0.019086	9.367974e-03	5.894890e-13	1.149811e-02	0.000000e+00	9.574843e-01	0.000000e+00	0.000000e+00	1.508583e-02	2.245136e-03	4.318696e-03
6.632181e-02	1.981225e+00	0.066322	6	0.018775	9.357973e-03	1.629772e-12	1.149284e-02	0.000000e+00	9.575124e-01	0.000000e+00	0.000000e+00	1.507514e-02	2.243749e-03	4.317896e-03
6.526066e-02	1.981531e+00	0.065261	6	0.018469	9.348143e-03	2.670138e-15	1.148766e-02	0.000000e+00	9.575401e-01	0.000000e+00	0.000000e+00	1.506462e-02	2.242386e-03	4.317107e-03
6.421649e-02	1.981832e+00	0.064216	6	0.018168	9.338478e-03	2.151073e-18	1.148257e-02	0.000000e+00	9.575673e-01	0.000000e+00	0.000000e+00	1.505428e-02	2.241045e-03	4.316331e-03
6.318903e-02	1.982128e+00	0.063189	6	0.017872	9.328978e-03	9.826408e-18	1.147756e-02	0.000000e+00	9.575940e-01	0.000000e+00	0.000000e+00	1.504412e-02	2.239727e-03	4.315567e-03
6.217800e-02	1.982419e+00	0.062178	6	0.017581	9.319638e-03	3.771901e-21	1.147264e-02	0.000000e+00	9.576203e-01	0.000000e+00	0.000000e+00	1.503413e-02	2.238431e-03	4.314815e-03
6.118316e-02	1.982705e+00	0.061183	6	0.017295	9.310456e-03	2.286959e-15	1.146780e-02	0.000000e+00	9.576462e-01	0.000000e+00	0.000000e+00	1.502430e-02	2.237157e-03	4.314075e-03
6.020423e-02	1.982986e+00	0.060204	6	0.017014	9.301429e-03	4.038972e-12	1.146303e-02	0.000000e+00	9.576716e-01	0.000000e+00	0.000000e+00	1.501464e-02	2.235904e-03	4.313346e-03
5.924096e-02	1.983263e+00	0.059241	6	0.016737	9.292555e-03	1.892423e-12	1.145835e-02	0.000000e+00	9.576967e-01	0.000000e+00	0.000000e+00	1.500514e-02	2.234671e-03	4.312629e-03
5.829310e-02	1.983536e+00	0.058293	6	0.016464	9.283830e-03	1.321690e-11	1.145374e-02	0.000000e+00	9.577212e-01	0.000000e+00	0.000000e+00	1.499580e-02	2.233460e-03	4.311923e-03
5.736041e-02	1.983803e+00	0.057360	6	0.016197	9.275252e-03	2.938346e-16	1.144921e-02	0.000000e+00	9.577454e-01	0.000000e+00	0.000000e+00	1.498661e-02	2.232268e-03	4.311228e-03
5.644265e-02	1.984067e+00	0.056443	6	0.015933	9.266818e-03	1.595772e-15	1.144476e-02	0.000000e+00	9.577692e-01	0.000000e+00	0.000000e+00	1.497758e-02	2.231096e-03	4.310544e-03
5.553956e-02	1.984326e+00	0.055540	6	0.015674	9.258526e-03	8.024978e-12	1.144037e-02	0.000000e+00	9.577926e-01	0.000000e+00	0.000000e+00	1.496870e-02	2.229944e-03	4.309871e-03
5.465093e-02	1.984580e+00	0.054651	6	0.015420	9.250374e-03	6.068839e-12	1.143606e-02	0.000000e+00	9.578156e-01	0.000000e+00	0.000000e+00	1.495997e-02	2.228811e-03	4.309208e-03
5.377652e-02	1.984831e+00	0.053777	6	0.015169	9.242358e-03	1.955193e-19	1.143182e-02	0.000000e+00	9.578382e-01	0.000000e+00	0.000000e+00	1.495138e-02	2.227697e-03	4.308556e-03
5.291609e-02	1.985077e+00	0.052916	6	0.014923	9.234477e-03	1.320217e-18	1.142765e-02	0.000000e+00	9.578604e-01	0.000000e+00	0.000000e+00	1.494294e-02	2.226601e-03	4.307914e-03
5.206943e-02	1.985319e+00	0.052069	6	0.014681	9.226728e-03	4.314918e-11	1.142355e-02	0.000000e+00	9.578823e-01	0.000000e+00	0.000000e+00	1.493463e-02	2.225524e-03	4.307282e-03
5.123632e-02	1.985558e+00	0.051236	6	0.014442	9.219109e-03	2.601454e-11	1.141952e-02	0.000000e+00	9.579038e-01	0.000000e+00	0.000000e+00	1.492647e-02	2.224464e-03	4.306660e-03
5.041654e-02	1.985792e+00	0.050417	6	0.014208	9.211617e-03	6.933616e-11	1.141555e-02	0.000000e+00	9.579249e-01	0.000000e+00	0.000000e+00	1.491844e-02	2.223422e-03	4.306048e-03
4.960988e-02	1.986023e+00	0.049610	6	0.013977	9.204251e-03	5.375969e-11	1.141165e-02	0.000000e+00	9.579457e-01	0.000000e+00	0.000000e+00	1.491055e-02	2.222398e-03	4.305445e-03
4.881612e-02	1.986250e+00	0.048816	6	0.013750	9.197008e-03	1.592226e-12	1.140781e-02	0.000000e+00	9.579662e-01	0.000000e+00	0.000000e+00	1.490278e-02	2.221390e-03	4.304852e-03
4.803506e-02	1.986473e+00	0.048035	6	0.013527	9.189886e-03	5.529283e-11	1.140404e-02	0.000000e+00	9.579863e-01	0.000000e+00	0.000000e+00	1.489515e-02	2.220399e-03	4.304268e-03
4.726650e-02	1.986692e+00	0.047267	6	0.013308	9.182883e-03	1.057529e-12	1.140033e-02	0.000000e+00	9.580060e-01	0.000000e+00	0.000000e+00	1.488764e-02	2.219424e-03	4.303694e-03
4.651024e-02	1.986908e+00	0.046510	6	0.013092	9.175996e-03	7.487792e-12	1.139668e-02	0.000000e+00	9.580255e-01	0.000000e+00	0.000000e+00	1.488025e-02	2.218465e-03	4.303128e-03
4.576607e-02	1.987120e+00	0.045766	6	0.012880	9.169225e-03	4.752355e-11	1.139308e-02	0.000000e+00	9.580446e-01	0.000000e+00	0.000000e+00	1.487299e-02	2.217523e-03	4.302572e-03
4.503382e-02	1.987329e+00	0.045034	6	0.012671	9.162566e-03	2.231261e-19	1.138955e-02	0.000000e+00	9.580634e-01	0.000000e+00	0.000000e+00	1.486585e-02	2.216595e-03	4.302024e-03
4.431327e-02	1.987534e+00	0.044313	6	0.012466	9.156018e-03	8.425544e-12	1.138608e-02	0.000000e+00	9.580819e-01	0.000000e+00	0.000000e+00	1.485883e-02	2.215684e-03	4.301484e-03
4.360426e-02	1.987736e+00	0.043604	6	0.012264	9.149579e-03	2.496072e-12	1.138266e-02	0.000000e+00	9.581001e-01	0.000000e+00	0.000000e+00	1.485192e-02	2.214787e-03	4.300954e-03
4.290659e-02	1.987934e+00	0.042907	6	0.012066	9.143248e-03	1.265655e-10	1.137930e-02	0.000000e+00	9.581180e-01	0.000000e+00	0.000000e+00	1.484513e-02	2.213905e-03	4.300431e-03
4.222009e-02	1.988130e+00	0.042220	6	0.011870	9.137021e-03	5.296879e-11	1.137599e-02	0.000000e+00	9.581356e-01	0.000000e+00	0.000000e+00	1.483845e-02	2.213037e-03	4.299917e-03
4.154457e-02	1.988322e+00	0.041545	6	0.011678	9.130898e-03	7.269346e-14	1.137274e-02	0.000000e+00	9.581529e-01	0.000000e+00	0.000000e+00	1.483188e-02	2.212184e-03	4.299411e-03
4.087985e-02	1.988511e+00	0.040880	6	0.011489	9.124876e-03	6.914667e-11	1.136954e-02	0.000000e+00	9.581699e-01	0.000000e+00	0.000000e+00	1.482541e-02	2.211345e-03	4.298913e-03
4.022578e-02	1.988697e+00	0.040226	6	0.011303	9.118955e-03	1.429514e-11	1.136639e-02	0.000000e+00	9.581867e-01	0.000000e+00	0.000000e+00	1.481906e-02	2.210520e-03	4.298423e-03
3.958216e-02	1.988880e+00	0.039582	6	0.011120	9.113131e-03	2.787912e-11	1.136329e-02	0.000000e+00	9.582031e-01	0.000000e+00	0.000000e+00	1.481281e-02	2.209708e-03	4.297940e-03
