#fajszam: 4. oszlop
#egyensulyi forraskoncentracio: 5. oszlop
#fajkoncentraciok: 6-15. oszlopok
#k = 5289:	a[1]=77.500000	b[1]=10.000000	c[1]=4.400000
#k = 3982:	a[2]=72.500000	b[2]=5.000000	c[2]=3.400000
#k = 4074:	a[3]=72.500000	b[3]=6.000000	c[3]=5.000000
#k = 5254:	a[4]=77.500000	b[4]=9.750000	c[4]=1.600000
#k = 4151:	a[5]=72.500000	b[5]=7.000000	c[5]=3.600000
#k = 5827:	a[6]=82.500000	b[6]=6.000000	c[6]=2.800000
#k = 5172:	a[7]=77.500000	b[7]=8.750000	c[7]=2.000000
#k = 4221:	a[8]=72.500000	b[8]=7.750000	c[8]=5.000000
#k = 9004:	a[9]=100.000000	b[9]=7.000000	c[9]=4.000000
#k = 6675:	a[10]=87.500000	b[10]=5.500000	c[10]=4.400000
3.862705e+00	1.588345e-03	3.862705	1	1.998412	1.000000e+00	0.000000e+00	6.750559e-140	0.000000e+00	1.548024e-169	3.045976e-253	0.000000e+00	3.449965e-63	3.158548e-146	4.648723e-186
3.800902e+00	7.415277e-03	3.800902	1	1.992585	1.000000e+00	5.116201e-95	2.635777e-55	1.002111e-111	6.374400e-66	6.540674e-95	1.545266e-99	4.045245e-26	9.721255e-58	7.893106e-72
3.740088e+00	1.341874e-02	3.740088	1	1.986581	1.000000e+00	3.966783e-72	2.673222e-42	9.529846e-91	3.128498e-50	4.192114e-72	6.482081e-76	6.441130e-20	3.551785e-44	1.365717e-54
3.680246e+00	1.960013e-02	3.680246	1	1.980400	1.000000e+00	5.307442e-98	7.666850e-53	1.713897e-120	7.537575e-65	5.595213e-98	7.716373e-104	1.664875e-18	1.252267e-55	1.923073e-71
3.621362e+00	2.596066e-02	3.621362	1	1.974039	1.000000e+00	2.270168e-205	6.386689e-99	2.588984e-258	3.024866e-127	4.367133e-205	2.147365e-218	3.509250e-13	2.454982e-105	7.927712e-143
3.563420e+00	3.620987e-02	3.563420	2	1.963790	8.831585e-01	4.590109e-138	5.734183e-65	6.186961e-172	1.034314e-84	4.661346e-138	2.198256e-147	1.168415e-01	1.348552e-69	2.847474e-95
3.506406e+00	4.845828e-02	3.506406	2	1.951542	7.810763e-01	6.983492e-80	1.116522e-40	1.459854e-97	7.399772e-52	5.885039e-80	1.189338e-84	2.189237e-01	1.850838e-43	1.635030e-57
3.450303e+00	6.090235e-02	3.450303	2	1.939098	7.193365e-01	4.987786e-53	4.265951e-25	2.332059e-64	3.564802e-33	3.507351e-53	9.077812e-57	2.806635e-01	2.980817e-27	4.123032e-37
3.395098e+00	7.353659e-02	3.395098	2	1.926463	6.779674e-01	2.760305e-51	4.771767e-27	7.113968e-65	1.296377e-34	1.941092e-51	2.271614e-54	3.220326e-01	2.212445e-29	6.777633e-38
3.340777e+00	8.635534e-02	3.340777	2	1.913645	6.483127e-01	1.404017e-34	3.359020e-17	2.624262e-42	9.422840e-23	9.954143e-35	1.020419e-36	3.516873e-01	1.142971e-18	2.870076e-25
3.287324e+00	9.935276e-02	3.287324	2	1.900647	6.260121e-01	4.700072e-36	1.276232e-17	1.186439e-45	4.031322e-24	2.975138e-36	1.239110e-38	3.739879e-01	1.326453e-19	3.774705e-26
3.234727e+00	1.125229e-01	3.234727	2	1.887477	6.086304e-01	1.079595e-48	1.529323e-22	8.633933e-61	1.433808e-31	5.927934e-49	3.998215e-52	3.913696e-01	2.160863e-25	8.730045e-35
3.182972e+00	1.258595e-01	3.182972	2	1.874140	5.947008e-01	1.083677e-51	2.453913e-21	2.052087e-66	2.556086e-31	4.553366e-52	2.506239e-56	4.052992e-01	3.922746e-24	2.664258e-35
3.132044e+00	1.393564e-01	3.132044	2	1.860644	5.832869e-01	1.649113e-60	5.391420e-21	8.349063e-81	4.707647e-35	5.604818e-61	5.908064e-66	4.167131e-01	1.772975e-25	3.789466e-40
3.081931e+00	1.530073e-01	3.081931	2	1.846993	5.737629e-01	1.703960e-77	2.669378e-19	1.230478e-105	6.230286e-41	3.328679e-78	9.692609e-86	4.262371e-01	9.895495e-27	3.414599e-48
3.032620e+00	1.668056e-01	3.032620	2	1.833194	5.656946e-01	1.368529e-166	1.030048e-14	0.000000e+00	9.361503e-75	2.086858e-168	1.939264e-188	4.343054e-01	1.304531e-37	1.087406e-92
2.984098e+00	1.835733e-01	2.984098	3	1.816427	5.465518e-01	3.090855e-98	2.227653e-02	0.000000e+00	5.083186e-34	0.000000e+00	0.000000e+00	4.311716e-01	1.051504e-13	3.156654e-44
2.936353e+00	2.014203e-01	2.936353	4	1.798580	5.266588e-01	0.000000e+00	4.681037e-02	0.000000e+00	0.000000e+00	0.000000e+00	0.000000e+00	4.253183e-01	1.212539e-03	0.000000e+00
2.889371e+00	2.208096e-01	2.889371	4	1.779190	5.047513e-01	6.327826e-73	6.614015e-02	2.312698e-113	9.282020e-28	3.773722e-74	2.534539e-83	4.159766e-01	1.313190e-02	7.629596e-37
2.843141e+00	2.401821e-01	2.843141	4	1.759818	4.863640e-01	2.764322e-55	8.236497e-02	4.424878e-81	3.324160e-22	2.792135e-56	4.092739e-63	4.081425e-01	2.312851e-02	3.227589e-29
2.797651e+00	2.595299e-01	2.797651	4	1.740470	4.707119e-01	1.223250e-52	9.617730e-02	2.375011e-81	1.121610e-17	9.351127e-54	1.048597e-60	4.014796e-01	3.163128e-02	3.932132e-25
2.752889e+00	2.788452e-01	2.752889	4	1.721155	4.572271e-01	9.791000e-75	1.080779e-01	7.859348e-124	5.610710e-18	1.329006e-76	4.730880e-88	3.957446e-01	3.895044e-02	7.632420e-31
2.708842e+00	2.981208e-01	2.708842	4	1.701879	4.454887e-01	0.000000e+00	1.184377e-01	0.000000e+00	6.592623e-07	0.000000e+00	0.000000e+00	3.907571e-01	4.531589e-02	0.000000e+00
2.665501e+00	3.188557e-01	2.665501	5	1.681144	4.317110e-01	8.954377e-64	1.261791e-01	1.020307e-110	8.650203e-03	6.131321e-66	5.540893e-78	3.832315e-01	5.022826e-02	6.231125e-18
2.622853e+00	3.395036e-01	2.622853	5	1.660496	4.196045e-01	1.023351e-73	1.329307e-01	1.184602e-140	1.635097e-02	1.465932e-76	1.161396e-91	3.766028e-01	5.451107e-02	2.428978e-12
2.580887e+00	3.606523e-01	2.580887	6	1.639348	4.076785e-01	1.004606e-106	1.383470e-01	7.942919e-213	2.292114e-02	1.421553e-111	4.928912e-136	3.696067e-01	5.801371e-02	3.432914e-03
2.539593e+00	3.824597e-01	2.539593	6	1.617540	3.955971e-01	3.888017e-49	1.424489e-01	0.000000e+00	2.844110e-02	2.819540e-52	1.649906e-79	3.619952e-01	6.076043e-02	1.075721e-02
2.498960e+00	4.040763e-01	2.498960	6	1.595924	3.848961e-01	3.875227e-35	1.460845e-01	9.370063e-66	3.332708e-02	6.115085e-37	4.754267e-45	3.552563e-01	6.319187e-02	1.724421e-02
2.458976e+00	4.254991e-01	2.458976	6	1.574501	3.753523e-01	1.053489e-28	1.493289e-01	2.808614e-54	3.768165e-02	2.349132e-30	4.227696e-37	3.492488e-01	6.535903e-02	2.302925e-02
2.419633e+00	4.467259e-01	2.419633	6	1.553274	3.667882e-01	1.437984e-27	1.522422e-01	1.030476e-50	4.158641e-02	5.812070e-29	9.643921e-36	3.438606e-01	6.730249e-02	2.822000e-02
2.380919e+00	4.677542e-01	2.380919	6	1.532246	3.590610e-01	3.800051e-22	1.548726e-01	4.934534e-39	4.510706e-02	1.043221e-23	2.292518e-29	3.390012e-01	6.905492e-02	3.290318e-02
2.342824e+00	4.885823e-01	2.342824	6	1.511418	3.520542e-01	0.000000e+00	1.572594e-01	0.000000e+00	4.829710e-02	0.000000e+00	0.000000e+00	3.345970e-01	7.064291e-02	3.714939e-02
2.305339e+00	5.092082e-01	2.305339	6	1.490792	3.456720e-01	0.000000e+00	1.594349e-01	0.000000e+00	5.120056e-02	0.000000e+00	0.000000e+00	3.305874e-01	7.208837e-02	4.101672e-02
2.268453e+00	5.296305e-01	2.268453	6	1.470369	3.398351e-01	0.000000e+00	1.614260e-01	0.000000e+00	5.385396e-02	0.000000e+00	0.000000e+00	3.269221e-01	7.340946e-02	4.455342e-02
2.232158e+00	5.498478e-01	2.232158	6	1.450152	3.344767e-01	9.503475e-20	1.632551e-01	0.000000e+00	5.628791e-02	8.971784e-23	0.000000e+00	3.235590e-01	7.462139e-02	4.779984e-02
2.196443e+00	5.698590e-01	2.196443	6	1.430141	3.295408e-01	0.000000e+00	1.649412e-01	0.000000e+00	5.852820e-02	0.000000e+00	0.000000e+00	3.204627e-01	7.573699e-02	5.079005e-02
2.161300e+00	5.896630e-01	2.161300	6	1.410337	3.249797e-01	0.000000e+00	1.665004e-01	0.000000e+00	6.059673e-02	0.000000e+00	0.000000e+00	3.176030e-01	7.676716e-02	5.355296e-02
2.126720e+00	6.092590e-01	2.126720	6	1.390741	3.207526e-01	8.274843e-16	1.679465e-01	5.093141e-43	6.251224e-02	4.098373e-18	5.426603e-25	3.149541e-01	7.772120e-02	5.611330e-02
2.092692e+00	6.286465e-01	2.092692	6	1.371354	3.168245e-01	2.682121e-16	1.692913e-01	6.026407e-49	6.429083e-02	3.082101e-21	2.997939e-30	3.124939e-01	7.860713e-02	5.849234e-02
2.059209e+00	6.478249e-01	2.059209	6	1.352175	3.131652e-01	0.000000e+00	1.705450e-01	0.000000e+00	6.594642e-02	0.000000e+00	0.000000e+00	3.102031e-01	7.943187e-02	6.070845e-02
2.026262e+00	6.667939e-01	2.026262	6	1.333206	3.097481e-01	1.910512e-18	1.717165e-01	3.248873e-64	6.749112e-02	1.279557e-23	7.499135e-36	3.080652e-01	8.020144e-02	6.277763e-02
1.993841e+00	6.855533e-01	1.993841	6	1.314447	3.065504e-01	1.941220e-14	1.728137e-01	0.000000e+00	6.893549e-02	1.872386e-20	5.454410e-36	3.060656e-01	8.092109e-02	6.471381e-02
1.961940e+00	7.041031e-01	1.961940	6	1.295897	3.035518e-01	2.348297e-16	1.738432e-01	2.564148e-101	7.028879e-02	3.031409e-27	7.131404e-50	3.041915e-01	8.159544e-02	6.652925e-02
1.930549e+00	7.224433e-01	1.930549	6	1.277557	3.007346e-01	4.450704e-10	1.748112e-01	0.000000e+00	7.155919e-02	0.000000e+00	0.000000e+00	3.024317e-01	8.222853e-02	6.823472e-02
1.899660e+00	7.410245e-01	1.899660	7	1.258976	2.975809e-01	1.810977e-03	1.754035e-01	3.497337e-116	7.258704e-02	2.674313e-24	8.339257e-54	3.002721e-01	8.265751e-02	6.968791e-02
1.869266e+00	7.594944e-01	1.869266	7	1.240506	2.944833e-01	3.990580e-03	1.758768e-01	5.040042e-85	7.350884e-02	2.861336e-16	5.247830e-40	2.981095e-01	8.301674e-02	7.101424e-02
1.839357e+00	7.777288e-01	1.839357	7	1.222271	2.915667e-01	6.042265e-03	1.763231e-01	0.000000e+00	7.437621e-02	4.003002e-17	0.000000e+00	2.960739e-01	8.335476e-02	7.226311e-02
1.809928e+00	7.957294e-01	1.809928	7	1.204271	2.888160e-01	7.976733e-03	1.767446e-01	0.000000e+00	7.519371e-02	1.049631e-07	0.000000e+00	2.941546e-01	8.367333e-02	7.344097e-02
1.780969e+00	8.137969e-01	1.780969	8	1.186203	2.858990e-01	9.762158e-03	1.769333e-01	0.000000e+00	7.585417e-02	1.216317e-03	0.000000e+00	2.920196e-01	8.386459e-02	7.445081e-02
1.752473e+00	8.316282e-01	1.752473	8	1.168372	2.831340e-01	1.144688e-02	1.771056e-01	0.000000e+00	7.647415e-02	2.402852e-03	0.000000e+00	2.899934e-01	8.404169e-02	7.540146e-02
1.724434e+00	8.492168e-01	1.724434	8	1.150783	2.805174e-01	1.303995e-02	1.772681e-01	0.000000e+00	7.705983e-02	3.529605e-03	0.000000e+00	2.880761e-01	8.420868e-02	7.630032e-02
1.696843e+00	8.665638e-01	1.696843	8	1.133436	2.780391e-01	1.454861e-02	1.774225e-01	0.000000e+00	7.761428e-02	4.596451e-03	0.000000e+00	2.862606e-01	8.436675e-02	7.715180e-02
1.669693e+00	8.836716e-01	1.669693	8	1.116328	2.756886e-01	1.597921e-02	1.775693e-01	0.000000e+00	7.813988e-02	5.607912e-03	1.703089e-23	2.845391e-01	8.451659e-02	7.795945e-02
1.642978e+00	9.005426e-01	1.642978	8	1.099457	2.734565e-01	1.733749e-02	1.777092e-01	1.128533e-45	7.863874e-02	6.568067e-03	1.751269e-21	2.829047e-01	8.465881e-02	7.872648e-02
1.616691e+00	9.171790e-01	1.616691	8	1.082821	2.713344e-01	1.862865e-02	1.778426e-01	0.000000e+00	7.911280e-02	7.480602e-03	8.487055e-14	2.813512e-01	8.479394e-02	7.945581e-02
1.590823e+00	9.335835e-01	1.590823	8	1.066417	2.693146e-01	1.985740e-02	1.779698e-01	1.163114e-39	7.956379e-02	8.348861e-03	3.256570e-17	2.798730e-01	8.492250e-02	8.015007e-02
1.565370e+00	9.497583e-01	1.565370	8	1.050242	2.673900e-01	2.102799e-02	1.780915e-01	0.000000e+00	7.999330e-02	9.175882e-03	4.414424e-12	2.784648e-01	8.504493e-02	8.081166e-02
1.540324e+00	9.657059e-01	1.540324	8	1.034294	2.655544e-01	2.214433e-02	1.782078e-01	0.000000e+00	8.040277e-02	9.964430e-03	8.205655e-12	2.771219e-01	8.516164e-02	8.144275e-02
1.515679e+00	9.814289e-01	1.515679	8	1.018571	2.638018e-01	2.320998e-02	1.783191e-01	0.000000e+00	8.079352e-02	1.071703e-02	2.882215e-18	2.758402e-01	8.527301e-02	8.204535e-02
1.491428e+00	9.969296e-01	1.491428	8	1.003070	2.621270e-01	2.422818e-02	1.784258e-01	0.000000e+00	8.116675e-02	1.143599e-02	3.639237e-31	2.746156e-01	8.537938e-02	8.262127e-02
1.467565e+00	1.012210e+00	1.467565	8	0.987790	2.605251e-01	2.520191e-02	1.785282e-01	1.031134e-44	8.152358e-02	1.212344e-02	6.532939e-15	2.734445e-01	8.548108e-02	8.317218e-02
1.444084e+00	1.027274e+00	1.444084	8	0.972726	2.589916e-01	2.613390e-02	1.786264e-01	0.000000e+00	8.186500e-02	1.278130e-02	5.249572e-14	2.723238e-01	8.557838e-02	8.369962e-02
1.420979e+00	1.042123e+00	1.420979	8	0.957877	2.575224e-01	2.702668e-02	1.787208e-01	0.000000e+00	8.219195e-02	1.341137e-02	3.398106e-10	2.712503e-01	8.567155e-02	8.420500e-02
1.398243e+00	1.056759e+00	1.398243	8	0.943241	2.561137e-01	2.788256e-02	1.788115e-01	0.000000e+00	8.250529e-02	1.401529e-02	1.355093e-10	2.702212e-01	8.576084e-02	8.468961e-02
1.375872e+00	1.071186e+00	1.375872	8	0.928814	2.547621e-01	2.870368e-02	1.788987e-01	0.000000e+00	8.280582e-02	1.459459e-02	8.851958e-14	2.692340e-01	8.584648e-02	8.515466e-02
1.353858e+00	1.085405e+00	1.353858	8	0.914595	2.534642e-01	2.949202e-02	1.789828e-01	0.000000e+00	8.309426e-02	1.515066e-02	1.186453e-15	2.682862e-01	8.592866e-02	8.560125e-02
1.332196e+00	1.099419e+00	1.332196	8	0.900581	2.522171e-01	3.024940e-02	1.790637e-01	0.000000e+00	8.337129e-02	1.568481e-02	2.910739e-13	2.673757e-01	8.600760e-02	8.603042e-02
1.310881e+00	1.113230e+00	1.310881	8	0.886770	2.510179e-01	3.097753e-02	1.791417e-01	0.000000e+00	8.363754e-02	1.619823e-02	1.961442e-08	2.665005e-01	8.608346e-02	8.644311e-02
1.289907e+00	1.126946e+00	1.289907	9	0.873054	2.497582e-01	3.165684e-02	1.791393e-01	0.000000e+00	8.385093e-02	1.667762e-02	4.542247e-04	2.655479e-01	8.611587e-02	8.679908e-02
1.269268e+00	1.140453e+00	1.269268	9	0.859547	2.485527e-01	3.231171e-02	1.791420e-01	3.285516e-31	8.405882e-02	1.713966e-02	8.628694e-04	2.646385e-01	8.614956e-02	8.714420e-02
1.248960e+00	1.153760e+00	1.248960	9	0.846240	2.473921e-01	3.294213e-02	1.791447e-01	0.000000e+00	8.425890e-02	1.758439e-02	1.256269e-03	2.637630e-01	8.618197e-02	8.747650e-02
1.228976e+00	1.166869e+00	1.228976	9	0.833131	2.462740e-01	3.354935e-02	1.791475e-01	0.000000e+00	8.445154e-02	1.801270e-02	1.635484e-03	2.629196e-01	8.621315e-02	8.779664e-02
1.209313e+00	1.179784e+00	1.209313	9	0.820216	2.451965e-01	3.413462e-02	1.791504e-01	0.000000e+00	8.463723e-02	1.842546e-02	2.000077e-03	2.621071e-01	8.624327e-02	8.810532e-02
1.189964e+00	1.192507e+00	1.189964	9	0.807493	2.441573e-01	3.469899e-02	1.791533e-01	0.000000e+00	8.481621e-02	1.882342e-02	2.351898e-03	2.613236e-01	8.627227e-02	8.840302e-02
1.170924e+00	1.205040e+00	1.170924	9	0.794960	2.431546e-01	3.524349e-02	1.791563e-01	1.986990e-31	8.498886e-02	1.920733e-02	2.691224e-03	2.605677e-01	8.630024e-02	8.869032e-02
1.152190e+00	1.217386e+00	1.152190	9	0.782614	2.421866e-01	3.576910e-02	1.791592e-01	0.000000e+00	8.515548e-02	1.957787e-02	3.018684e-03	2.598381e-01	8.632723e-02	8.896771e-02
1.133755e+00	1.229547e+00	1.133755	9	0.770453	2.412516e-01	3.627672e-02	1.791622e-01	0.000000e+00	8.531636e-02	1.993568e-02	3.334846e-03	2.591335e-01	8.635330e-02	8.923567e-02
1.115615e+00	1.241526e+00	1.115615	9	0.758474	2.403482e-01	3.676719e-02	1.791653e-01	0.000000e+00	8.547178e-02	2.028135e-02	3.640212e-03	2.584528e-01	8.637848e-02	8.949463e-02
1.097765e+00	1.253326e+00	1.097765	9	0.746674	2.394749e-01	3.724131e-02	1.791683e-01	1.339575e-17	8.562198e-02	2.061546e-02	3.935318e-03	2.577949e-01	8.640282e-02	8.974502e-02
1.080200e+00	1.264948e+00	1.080200	9	0.735052	2.386302e-01	3.769983e-02	1.791714e-01	0.000000e+00	8.576720e-02	2.093853e-02	4.220623e-03	2.571586e-01	8.642635e-02	8.998723e-02
1.062917e+00	1.276396e+00	1.062917	9	0.723604	2.378130e-01	3.814344e-02	1.791744e-01	0.000000e+00	8.590768e-02	2.125106e-02	4.496572e-03	2.565431e-01	8.644911e-02	9.022161e-02
1.045911e+00	1.287671e+00	1.045911	9	0.712329	2.370219e-01	3.857281e-02	1.791775e-01	0.000000e+00	8.604361e-02	2.155352e-02	4.763582e-03	2.559474e-01	8.647113e-02	9.044851e-02
1.029176e+00	1.298776e+00	1.029176	9	0.701224	2.362559e-01	3.898856e-02	1.791806e-01	1.658280e-20	8.617521e-02	2.184635e-02	5.022046e-03	2.553707e-01	8.649246e-02	9.066827e-02
1.012709e+00	1.309714e+00	1.012709	9	0.690286	2.355138e-01	3.939128e-02	1.791836e-01	0.000000e+00	8.630266e-02	2.212997e-02	5.272335e-03	2.548120e-01	8.651311e-02	9.088118e-02
9.965058e-01	1.320486e+00	0.996506	9	0.679514	2.347947e-01	3.978151e-02	1.791867e-01	0.000000e+00	8.642613e-02	2.240476e-02	5.514799e-03	2.542708e-01	8.653312e-02	9.108754e-02
9.805617e-01	1.331096e+00	0.980562	9	0.668904	2.340976e-01	4.015980e-02	1.791897e-01	6.413188e-24	8.654579e-02	2.267110e-02	5.749768e-03	2.537461e-01	8.655251e-02	9.128762e-02
9.648728e-01	1.341544e+00	0.964873	9	0.658456	2.334215e-01	4.052662e-02	1.791928e-01	3.223120e-20	8.666181e-02	2.292935e-02	5.977554e-03	2.532374e-01	8.657130e-02	9.148168e-02
9.494348e-01	1.351834e+00	0.949435	9	0.648166	2.327657e-01	4.088245e-02	1.791958e-01	1.689409e-33	8.677433e-02	2.317982e-02	6.198452e-03	2.527440e-01	8.658954e-02	9.166995e-02
9.342438e-01	1.361968e+00	0.934244	9	0.638032	2.321293e-01	4.122773e-02	1.791988e-01	9.124378e-20	8.688349e-02	2.342285e-02	6.412743e-03	2.522652e-01	8.660723e-02	9.185269e-02
9.192959e-01	1.371948e+00	0.919296	9	0.628052	2.315115e-01	4.156288e-02	1.792018e-01	2.525419e-15	8.698943e-02	2.365871e-02	6.620691e-03	2.518005e-01	8.662439e-02	9.203009e-02
9.045872e-01	1.381776e+00	0.904587	9	0.618224	2.309116e-01	4.188829e-02	1.792048e-01	3.750731e-12	8.709227e-02	2.388770e-02	6.822546e-03	2.513493e-01	8.664106e-02	9.220238e-02
8.901138e-01	1.391454e+00	0.890114	9	0.608546	2.303290e-01	4.220435e-02	1.792077e-01	1.074729e-17	8.719214e-02	2.411009e-02	7.018547e-03	2.509112e-01	8.665724e-02	9.236975e-02
8.758720e-01	1.400985e+00	0.875872	9	0.599015	2.297629e-01	4.251142e-02	1.792107e-01	2.343948e-20	8.728915e-02	2.432612e-02	7.208921e-03	2.504855e-01	8.667296e-02	9.253238e-02
8.618580e-01	1.410370e+00	0.861858	9	0.589630	2.292127e-01	4.280983e-02	1.792136e-01	6.516557e-20	8.738341e-02	2.453604e-02	7.393881e-03	2.500719e-01	8.668823e-02	9.269046e-02
8.480683e-01	1.419611e+00	0.848068	9	0.580389	2.286778e-01	4.309991e-02	1.792165e-01	8.153525e-12	8.747502e-02	2.474008e-02	7.573632e-03	2.496699e-01	8.670308e-02	9.284415e-02
8.344992e-01	1.428712e+00	0.834499	9	0.571288	2.281577e-01	4.338197e-02	1.792193e-01	2.344836e-14	8.756408e-02	2.493845e-02	7.748367e-03	2.492790e-01	8.671751e-02	9.299362e-02
8.211472e-01	1.437673e+00	0.821147	9	0.562327	2.276519e-01	4.365629e-02	1.792222e-01	4.202174e-29	8.765068e-02	2.513137e-02	7.918273e-03	2.488988e-01	8.673155e-02	9.313902e-02
8.080089e-01	1.446496e+00	0.808009	9	0.553504	2.271597e-01	4.392317e-02	1.792250e-01	1.976968e-12	8.773492e-02	2.531903e-02	8.083524e-03	2.485290e-01	8.674520e-02	9.328050e-02
7.950807e-01	1.455185e+00	0.795081	9	0.544815	2.266808e-01	4.418286e-02	1.792278e-01	1.306484e-11	8.781688e-02	2.550162e-02	8.244288e-03	2.481691e-01	8.675848e-02	9.341819e-02
7.823594e-01	1.463740e+00	0.782359	9	0.536260	2.262146e-01	4.443563e-02	1.792305e-01	4.250980e-15	8.789663e-02	2.567932e-02	8.400726e-03	2.478189e-01	8.677140e-02	9.355223e-02
7.698417e-01	1.472163e+00	0.769842	9	0.527837	2.257607e-01	4.468170e-02	1.792333e-01	3.542929e-14	8.797427e-02	2.585230e-02	8.552989e-03	2.474780e-01	8.678399e-02	9.368275e-02
7.575242e-01	1.480458e+00	0.757524	9	0.519542	2.253188e-01	4.492132e-02	1.792360e-01	3.468370e-19	8.804985e-02	2.602073e-02	8.701223e-03	2.471461e-01	8.679624e-02	9.380986e-02
7.454038e-01	1.488624e+00	0.745404	9	0.511376	2.248883e-01	4.515471e-02	1.792386e-01	6.688658e-10	8.812346e-02	2.618476e-02	8.845568e-03	2.468228e-01	8.680816e-02	9.393368e-02
7.334774e-01	1.496665e+00	0.733477	9	0.503335	2.244689e-01	4.538207e-02	1.792413e-01	4.348729e-19	8.819515e-02	2.634454e-02	8.986155e-03	2.465078e-01	8.681978e-02	9.405433e-02
7.217417e-01	1.504582e+00	0.721742	9	0.495418	2.240602e-01	4.560361e-02	1.792439e-01	1.130075e-10	8.826500e-02	2.650021e-02	9.123112e-03	2.462010e-01	8.683110e-02	9.417191e-02
7.101939e-01	1.512376e+00	0.710194	9	0.487624	2.236619e-01	4.581951e-02	1.792465e-01	1.132961e-11	8.833307e-02	2.665192e-02	9.256561e-03	2.459019e-01	8.684213e-02	9.428652e-02
6.988308e-01	1.520051e+00	0.698831	9	0.479949	2.232736e-01	4.602998e-02	1.792491e-01	1.421080e-19	8.839940e-02	2.679978e-02	9.386617e-03	2.456105e-01	8.685288e-02	9.439825e-02
6.876495e-01	1.527607e+00	0.687649	9	0.472393	2.228950e-01	4.623518e-02	1.792516e-01	6.019104e-32	8.846407e-02	2.694394e-02	9.513391e-03	2.453263e-01	8.686337e-02	9.450721e-02
6.766471e-01	1.535046e+00	0.676647	9	0.464954	2.225258e-01	4.643528e-02	1.792541e-01	1.922061e-11	8.852713e-02	2.708450e-02	9.636991e-03	2.450492e-01	8.687358e-02	9.461348e-02
6.658207e-01	1.542370e+00	0.665821	9	0.457630	2.221656e-01	4.663045e-02	1.792566e-01	1.987686e-15	8.858861e-02	2.722159e-02	9.757518e-03	2.447790e-01	8.688355e-02	9.471714e-02
6.551676e-01	1.549581e+00	0.655168	9	0.450419	2.218143e-01	4.682084e-02	1.792590e-01	2.945217e-11	8.864859e-02	2.735530e-02	9.875071e-03	2.445153e-01	8.689327e-02	9.481828e-02
6.446849e-01	1.556680e+00	0.644685	9	0.443320	2.214715e-01	4.700660e-02	1.792614e-01	5.466349e-14	8.870710e-02	2.748576e-02	9.989743e-03	2.442582e-01	8.690275e-02	9.491697e-02
6.343700e-01	1.563669e+00	0.634370	9	0.436331	2.211370e-01	4.718787e-02	1.792638e-01	1.584487e-10	8.876419e-02	2.761305e-02	1.010162e-02	2.440072e-01	8.691200e-02	9.501329e-02
6.242200e-01	1.570550e+00	0.624220	9	0.429450	2.208105e-01	4.736480e-02	1.792661e-01	1.467563e-12	8.881990e-02	2.773728e-02	1.021080e-02	2.437623e-01	8.692103e-02	9.510732e-02
6.142325e-01	1.577324e+00	0.614233	9	0.422676	2.204917e-01	4.753751e-02	1.792684e-01	1.075562e-29	8.887427e-02	2.785855e-02	1.031736e-02	2.435232e-01	8.692985e-02	9.519912e-02
6.044048e-01	1.583993e+00	0.604405	9	0.416007	2.201805e-01	4.770614e-02	1.792707e-01	1.866777e-09	8.892736e-02	2.797693e-02	1.042137e-02	2.432898e-01	8.693845e-02	9.528875e-02
5.947343e-01	1.590558e+00	0.594734	9	0.409442	2.198766e-01	4.787079e-02	1.792730e-01	7.054961e-11	8.897919e-02	2.809252e-02	1.052292e-02	2.430618e-01	8.694685e-02	9.537630e-02
5.852186e-01	1.597022e+00	0.585219	9	0.402978	2.195798e-01	4.803161e-02	1.792752e-01	3.462503e-16	8.902980e-02	2.820540e-02	1.062208e-02	2.428393e-01	8.695505e-02	9.546180e-02
5.758551e-01	1.603384e+00	0.575855	9	0.396616	2.192898e-01	4.818868e-02	1.792774e-01	7.027519e-11	8.907922e-02	2.831565e-02	1.071891e-02	2.426219e-01	8.696306e-02	9.554534e-02
5.666414e-01	1.609648e+00	0.566641	9	0.390352	2.190066e-01	4.834213e-02	1.792796e-01	5.034031e-17	8.912751e-02	2.842335e-02	1.081350e-02	2.424095e-01	8.697089e-02	9.562695e-02
5.575751e-01	1.615815e+00	0.557575	9	0.384185	2.187298e-01	4.849206e-02	1.792817e-01	2.031015e-15	8.917467e-02	2.852857e-02	1.090590e-02	2.422020e-01	8.697854e-02	9.570670e-02
5.486539e-01	1.621885e+00	0.548654	9	0.378115	2.184593e-01	4.863857e-02	1.792839e-01	3.071003e-10	8.922076e-02	2.863138e-02	1.099617e-02	2.419993e-01	8.698601e-02	9.578465e-02
5.398755e-01	1.627861e+00	0.539875	9	0.372139	2.181950e-01	4.878176e-02	1.792859e-01	9.803144e-11	8.926580e-02	2.873186e-02	1.108439e-02	2.418011e-01	8.699330e-02	9.586083e-02
5.312375e-01	1.633743e+00	0.531237	9	0.366257	2.179366e-01	4.892172e-02	1.792880e-01	1.411005e-10	8.930981e-02	2.883006e-02	1.117060e-02	2.416075e-01	8.700044e-02	9.593531e-02
5.227377e-01	1.639534e+00	0.522738	9	0.360466	2.176840e-01	4.905854e-02	1.792900e-01	7.525286e-17	8.935284e-02	2.892605e-02	1.125486e-02	2.414182e-01	8.700741e-02	9.600812e-02
5.143739e-01	1.645234e+00	0.514374	9	0.354766	2.174370e-01	4.919231e-02	1.792920e-01	2.227968e-25	8.939490e-02	2.901990e-02	1.133723e-02	2.412331e-01	8.701423e-02	9.607932e-02
5.061439e-01	1.650846e+00	0.506144	9	0.349154	2.171955e-01	4.932311e-02	1.792940e-01	3.618737e-08	8.943602e-02	2.911165e-02	1.141777e-02	2.410521e-01	8.702089e-02	9.614895e-02
4.980456e-01	1.656369e+00	0.498046	9	0.343631	2.169593e-01	4.945103e-02	1.792959e-01	2.937178e-10	8.947623e-02	2.920138e-02	1.149651e-02	2.408752e-01	8.702741e-02	9.621705e-02
4.900768e-01	1.661807e+00	0.490077	9	0.338193	2.167283e-01	4.957614e-02	1.792978e-01	4.019165e-11	8.951555e-02	2.928914e-02	1.157351e-02	2.407021e-01	8.703379e-02	9.628366e-02
4.822356e-01	1.667159e+00	0.482236	9	0.332841	2.165023e-01	4.969852e-02	1.792997e-01	8.220718e-09	8.955401e-02	2.937497e-02	1.164882e-02	2.405328e-01	8.704002e-02	9.634882e-02
4.745198e-01	1.672438e+00	0.474520	10	0.327562	2.162631e-01	4.981332e-02	1.792869e-01	8.715691e-05	8.958335e-02	2.945560e-02	1.172022e-02	2.403477e-01	8.703846e-02	9.640429e-02
4.669275e-01	1.677632e+00	0.466928	10	0.322368	2.160318e-01	4.992636e-02	1.792765e-01	1.595346e-04	8.961328e-02	2.953496e-02	1.179039e-02	2.401694e-01	8.703806e-02	9.645977e-02
4.594567e-01	1.682745e+00	0.459457	10	0.317255	2.158052e-01	5.003690e-02	1.792662e-01	2.311545e-04	8.964247e-02	2.961258e-02	1.185901e-02	2.399949e-01	8.703760e-02	9.651399e-02
4.521054e-01	1.687778e+00	0.452105	10	0.312222	2.155833e-01	5.014500e-02	1.792559e-01	3.024806e-04	8.967092e-02	2.968848e-02	1.192612e-02	2.398238e-01	8.703703e-02	9.656693e-02
4.448717e-01	1.692731e+00	0.444872	10	0.307269	2.153663e-01	5.025082e-02	1.792459e-01	3.718240e-04	8.969880e-02	2.976277e-02	1.199180e-02	2.396565e-01	8.703652e-02	9.661879e-02
4.377537e-01	1.697607e+00	0.437754	10	0.302393	2.151540e-01	5.035442e-02	1.792363e-01	4.389738e-04	8.972615e-02	2.983550e-02	1.205609e-02	2.394929e-01	8.703609e-02	9.666962e-02
4.307497e-01	1.702406e+00	0.430750	10	0.297594	2.149459e-01	5.045577e-02	1.792267e-01	5.057994e-04	8.975281e-02	2.990664e-02	1.211898e-02	2.393325e-01	8.703556e-02	9.671927e-02
4.238577e-01	1.707130e+00	0.423858	10	0.292870	2.147424e-01	5.055499e-02	1.792174e-01	5.708863e-04	8.977895e-02	2.997629e-02	1.218054e-02	2.391756e-01	8.703508e-02	9.676790e-02
4.170760e-01	1.711779e+00	0.417076	10	0.288221	2.145431e-01	5.065216e-02	1.792083e-01	6.342332e-04	8.980456e-02	3.004449e-02	1.224082e-02	2.390221e-01	8.703464e-02	9.681556e-02
4.104027e-01	1.716355e+00	0.410403	10	0.283645	2.143481e-01	5.074732e-02	1.791995e-01	6.957607e-04	8.982969e-02	3.011128e-02	1.229984e-02	2.388719e-01	8.703425e-02	9.686227e-02
4.038363e-01	1.720859e+00	0.403836	10	0.279141	2.141570e-01	5.084043e-02	1.791907e-01	7.572717e-04	8.985416e-02	3.017663e-02	1.235760e-02	2.387246e-01	8.703375e-02	9.690789e-02
3.973749e-01	1.725292e+00	0.397375	10	0.274708	2.139698e-01	5.093162e-02	1.791822e-01	8.171368e-04	8.987817e-02	3.024063e-02	1.241416e-02	2.385804e-01	8.703330e-02	9.695261e-02
3.910169e-01	1.729655e+00	0.391017	10	0.270345	2.137866e-01	5.102097e-02	1.791739e-01	8.752710e-04	8.990172e-02	3.030333e-02	1.246956e-02	2.384392e-01	8.703291e-02	9.699645e-02
3.847607e-01	1.733949e+00	0.384761	10	0.266051	2.136072e-01	5.110846e-02	1.791658e-01	9.324319e-04	8.992477e-02	3.036473e-02	1.252380e-02	2.383010e-01	8.703250e-02	9.703938e-02
3.786045e-01	1.738176e+00	0.378604	10	0.261824	2.134315e-01	5.119421e-02	1.791579e-01	9.876363e-04	8.994742e-02	3.042490e-02	1.257696e-02	2.381657e-01	8.703216e-02	9.708150e-02
3.725468e-01	1.742336e+00	0.372547	10	0.257664	2.132591e-01	5.127811e-02	1.791500e-01	1.043466e-03	8.996943e-02	3.048377e-02	1.262898e-02	2.380329e-01	8.703168e-02	9.712260e-02
3.665861e-01	1.746430e+00	0.366586	10	0.253570	2.130904e-01	5.136038e-02	1.791424e-01	1.096991e-03	8.999111e-02	3.054149e-02	1.267996e-02	2.379029e-01	8.703132e-02	9.716299e-02
3.607207e-01	1.750460e+00	0.360721	10	0.249540	2.129243e-01	5.144074e-02	1.791343e-01	1.153514e-03	9.001196e-02	3.059788e-02	1.272980e-02	2.377747e-01	8.703060e-02	9.720216e-02
3.549492e-01	1.754426e+00	0.354949	10	0.245574	2.127632e-01	5.151993e-02	1.791276e-01	1.201199e-03	9.003312e-02	3.065343e-02	1.277884e-02	2.376509e-01	8.703057e-02	9.724129e-02
3.492700e-01	1.758330e+00	0.349270	10	0.241670	2.126044e-01	5.159731e-02	1.791204e-01	1.251727e-03	9.005350e-02	3.070772e-02	1.282679e-02	2.375286e-01	8.703021e-02	9.727927e-02
3.436816e-01	1.762172e+00	0.343682	10	0.237828	2.124489e-01	5.167314e-02	1.791134e-01	1.301243e-03	9.007346e-02	3.076092e-02	1.287377e-02	2.374088e-01	8.702985e-02	9.731650e-02
3.381827e-01	1.765953e+00	0.338183	10	0.234047	2.122965e-01	5.174749e-02	1.791067e-01	1.349171e-03	9.009308e-02	3.081308e-02	1.291983e-02	2.372915e-01	8.702956e-02	9.735304e-02
3.327718e-01	1.769675e+00	0.332772	10	0.230325	2.121470e-01	5.182030e-02	1.790999e-01	1.397318e-03	9.011220e-02	3.086415e-02	1.296493e-02	2.371763e-01	8.702917e-02	9.738875e-02
3.274475e-01	1.773338e+00	0.327447	10	0.226662	2.120005e-01	5.189170e-02	1.790933e-01	1.443928e-03	9.013099e-02	3.091423e-02	1.300916e-02	2.370635e-01	8.702883e-02	9.742381e-02
3.222083e-01	1.776943e+00	0.322208	10	0.223057	2.118569e-01	5.196169e-02	1.790868e-01	1.489615e-03	9.014941e-02	3.096333e-02	1.305251e-02	2.369530e-01	8.702850e-02	9.745818e-02
3.170530e-01	1.780491e+00	0.317053	10	0.219509	2.117162e-01	5.203031e-02	1.790805e-01	1.534395e-03	9.016747e-02	3.101146e-02	1.309500e-02	2.368446e-01	8.702818e-02	9.749187e-02
3.119801e-01	1.783983e+00	0.311980	10	0.216017	2.115782e-01	5.209758e-02	1.790744e-01	1.578211e-03	9.018519e-02	3.105864e-02	1.313666e-02	2.367384e-01	8.702788e-02	9.752492e-02
3.069884e-01	1.787420e+00	0.306988	10	0.212580	2.114423e-01	5.216337e-02	1.790678e-01	1.624197e-03	9.020226e-02	3.110479e-02	1.317742e-02	2.366335e-01	8.702731e-02	9.755703e-02
3.020766e-01	1.790802e+00	0.302077	10	0.209198	2.113105e-01	5.222830e-02	1.790626e-01	1.661922e-03	9.021971e-02	3.115032e-02	1.321758e-02	2.365324e-01	8.702740e-02	9.758923e-02
2.972434e-01	1.794131e+00	0.297243	10	0.205869	2.111801e-01	5.229163e-02	1.790565e-01	1.704918e-03	9.023624e-02	3.119473e-02	1.325680e-02	2.364319e-01	8.702697e-02	9.762023e-02
2.924875e-01	1.797407e+00	0.292488	10	0.202593	2.110525e-01	5.235382e-02	1.790508e-01	1.745486e-03	9.025261e-02	3.123834e-02	1.329529e-02	2.363337e-01	8.702668e-02	9.765079e-02
2.878077e-01	1.800631e+00	0.287808	10	0.199369	2.109274e-01	5.241481e-02	1.790453e-01	1.785232e-03	9.026866e-02	3.128112e-02	1.333305e-02	2.362373e-01	8.702640e-02	9.768076e-02
2.832028e-01	1.803805e+00	0.283203	10	0.196195	2.108046e-01	5.247463e-02	1.790398e-01	1.824303e-03	9.028439e-02	3.132306e-02	1.337007e-02	2.361429e-01	8.702611e-02	9.771014e-02
2.786715e-01	1.806928e+00	0.278672	10	0.193072	2.106843e-01	5.253331e-02	1.790344e-01	1.862559e-03	9.029983e-02	3.136420e-02	1.340638e-02	2.360502e-01	8.702584e-02	9.773897e-02
2.742128e-01	1.810001e+00	0.274213	10	0.189999	2.105662e-01	5.259086e-02	1.790292e-01	1.900097e-03	9.031496e-02	3.140456e-02	1.344199e-02	2.359593e-01	8.702557e-02	9.776726e-02
2.698254e-01	1.813026e+00	0.269825	10	0.186974	2.104502e-01	5.264727e-02	1.790239e-01	1.937630e-03	9.032975e-02	3.144411e-02	1.347690e-02	2.358700e-01	8.702525e-02	9.779493e-02
2.655082e-01	1.816003e+00	0.265508	10	0.183997	2.103368e-01	5.270271e-02	1.790190e-01	1.972791e-03	9.034440e-02	3.148298e-02	1.351120e-02	2.357828e-01	8.702507e-02	9.782224e-02
2.612601e-01	1.818933e+00	0.261260	10	0.181067	2.102253e-01	5.275702e-02	1.790140e-01	2.008447e-03	9.035867e-02	3.152106e-02	1.354480e-02	2.356970e-01	8.702480e-02	9.784892e-02
2.570799e-01	1.821817e+00	0.257080	10	0.178183	2.101159e-01	5.281032e-02	1.790091e-01	2.043316e-03	9.037268e-02	3.155843e-02	1.357778e-02	2.356128e-01	8.702454e-02	9.787511e-02
2.529666e-01	1.824654e+00	0.252967	10	0.175346	2.100086e-01	5.286263e-02	1.790044e-01	2.077199e-03	9.038646e-02	3.159510e-02	1.361013e-02	2.355302e-01	8.702432e-02	9.790084e-02
2.489192e-01	1.827447e+00	0.248919	10	0.172553	2.099033e-01	5.291394e-02	1.789997e-01	2.110749e-03	9.039994e-02	3.163107e-02	1.364187e-02	2.354492e-01	8.702407e-02	9.792606e-02
2.449364e-01	1.830196e+00	0.244936	10	0.169804	2.098000e-01	5.296429e-02	1.789952e-01	2.143635e-03	9.041318e-02	3.166637e-02	1.367301e-02	2.353697e-01	8.702383e-02	9.795081e-02
2.410175e-01	1.832901e+00	0.241017	10	0.167099	2.096987e-01	5.301371e-02	1.789907e-01	2.175783e-03	9.042618e-02	3.170101e-02	1.370357e-02	2.352917e-01	8.702361e-02	9.797511e-02
2.371612e-01	1.835563e+00	0.237161	10	0.164437	2.095992e-01	5.306220e-02	1.789863e-01	2.207382e-03	9.043893e-02	3.173500e-02	1.373356e-02	2.352151e-01	8.702338e-02	9.799895e-02
2.333666e-01	1.838182e+00	0.233367	10	0.161818	2.095015e-01	5.310979e-02	1.789820e-01	2.238395e-03	9.045144e-02	3.176836e-02	1.376298e-02	2.351400e-01	8.702316e-02	9.802235e-02
2.296327e-01	1.840761e+00	0.229633	10	0.159239	2.094057e-01	5.315649e-02	1.789777e-01	2.268831e-03	9.046372e-02	3.180110e-02	1.379186e-02	2.350663e-01	8.702295e-02	9.804532e-02
2.259586e-01	1.843298e+00	0.225959	10	0.156702	2.093117e-01	5.320233e-02	1.789736e-01	2.298593e-03	9.047578e-02	3.183323e-02	1.382020e-02	2.349940e-01	8.702274e-02	9.806787e-02
2.223433e-01	1.845795e+00	0.222343	10	0.154205	2.092193e-01	5.324732e-02	1.789695e-01	2.328016e-03	9.048760e-02	3.186476e-02	1.384802e-02	2.349229e-01	8.702253e-02	9.808999e-02
2.187858e-01	1.848253e+00	0.218786	10	0.151747	2.091287e-01	5.329148e-02	1.789655e-01	2.356802e-03	9.049921e-02	3.189571e-02	1.387532e-02	2.348532e-01	8.702232e-02	9.811171e-02
2.152852e-01	1.850671e+00	0.215285	10	0.149329	2.090398e-01	5.333483e-02	1.789616e-01	2.385026e-03	9.051061e-02	3.192610e-02	1.390212e-02	2.347848e-01	8.702212e-02	9.813303e-02
2.118406e-01	1.853051e+00	0.211841	10	0.146949	2.089525e-01	5.337739e-02	1.789578e-01	2.412754e-03	9.052179e-02	3.195592e-02	1.392842e-02	2.347176e-01	8.702192e-02	9.815396e-02
2.084512e-01	1.855393e+00	0.208451	10	0.144607	2.088668e-01	5.341916e-02	1.789540e-01	2.439967e-03	9.053277e-02	3.198520e-02	1.395424e-02	2.346517e-01	8.702173e-02	9.817451e-02
2.051160e-01	1.857699e+00	0.205116	10	0.142301	2.087826e-01	5.346017e-02	1.789503e-01	2.466683e-03	9.054355e-02	3.201394e-02	1.397959e-02	2.345869e-01	8.702154e-02	9.819468e-02
2.018341e-01	1.859967e+00	0.201834	10	0.140033	2.087000e-01	5.350044e-02	1.789467e-01	2.492853e-03	9.055414e-02	3.204216e-02	1.400447e-02	2.345234e-01	8.702136e-02	9.821450e-02
1.986048e-01	1.862200e+00	0.198605	10	0.137800	2.086189e-01	5.353996e-02	1.789431e-01	2.518657e-03	9.056453e-02	3.206986e-02	1.402890e-02	2.344610e-01	8.702117e-02	9.823394e-02
1.954271e-01	1.864397e+00	0.195427	10	0.135603	2.085394e-01	5.357880e-02	1.789397e-01	2.543466e-03	9.057477e-02	3.209708e-02	1.405290e-02	2.343998e-01	8.702103e-02	9.825308e-02
1.923003e-01	1.866559e+00	0.192300	10	0.133441	2.084610e-01	5.361688e-02	1.789361e-01	2.568852e-03	9.058473e-02	3.212376e-02	1.407643e-02	2.343396e-01	8.702081e-02	9.827178e-02
1.892235e-01	1.868686e+00	0.189223	10	0.131314	2.083843e-01	5.365431e-02	1.789328e-01	2.593123e-03	9.059458e-02	3.214999e-02	1.409955e-02	2.342805e-01	8.702064e-02	9.829020e-02
1.861959e-01	1.870780e+00	0.186196	10	0.129220	2.083089e-01	5.369105e-02	1.789295e-01	2.617048e-03	9.060423e-02	3.217573e-02	1.412226e-02	2.342225e-01	8.702047e-02	9.830828e-02
1.832168e-01	1.872841e+00	0.183217	10	0.127159	2.082349e-01	5.372715e-02	1.789263e-01	2.640330e-03	9.061373e-02	3.220103e-02	1.414455e-02	2.341656e-01	8.702033e-02	9.832606e-02
1.802853e-01	1.874869e+00	0.180285	10	0.125131	2.081622e-01	5.376257e-02	1.789231e-01	2.663563e-03	9.062303e-02	3.222585e-02	1.416644e-02	2.341097e-01	8.702015e-02	9.834348e-02
1.774007e-01	1.876865e+00	0.177401	10	0.123135	2.080907e-01	5.379737e-02	1.789199e-01	2.686267e-03	9.063217e-02	3.225023e-02	1.418793e-02	2.340548e-01	8.701998e-02	9.836060e-02
1.745623e-01	1.878829e+00	0.174562	10	0.121171	2.080206e-01	5.383154e-02	1.789169e-01	2.708520e-03	9.064115e-02	3.227417e-02	1.420904e-02	2.340008e-01	8.701983e-02	9.837742e-02
1.717693e-01	1.880761e+00	0.171769	10	0.119239	2.079517e-01	5.386510e-02	1.789139e-01	2.730370e-03	9.064997e-02	3.229769e-02	1.422978e-02	2.339479e-01	8.701967e-02	9.839394e-02
1.690210e-01	1.882663e+00	0.169021	10	0.117337	2.078841e-01	5.389807e-02	1.789109e-01	2.751823e-03	9.065863e-02	3.232078e-02	1.425014e-02	2.338959e-01	8.701952e-02	9.841016e-02
1.663167e-01	1.884535e+00	0.166317	10	0.115465	2.078177e-01	5.393044e-02	1.789080e-01	2.772935e-03	9.066713e-02	3.234347e-02	1.427013e-02	2.338448e-01	8.701937e-02	9.842610e-02
1.636556e-01	1.886377e+00	0.163656	10	0.113623	2.077524e-01	5.396225e-02	1.789052e-01	2.793604e-03	9.067549e-02	3.236575e-02	1.428977e-02	2.337946e-01	8.701922e-02	9.844175e-02
1.610371e-01	1.888190e+00	0.161037	10	0.111810	2.076883e-01	5.399348e-02	1.789024e-01	2.813936e-03	9.068370e-02	3.238763e-02	1.430906e-02	2.337453e-01	8.701908e-02	9.845713e-02
1.584605e-01	1.889974e+00	0.158461	10	0.110026	2.076254e-01	5.402416e-02	1.788996e-01	2.833966e-03	9.069175e-02	3.240912e-02	1.432801e-02	2.336969e-01	8.701893e-02	9.847223e-02
1.559251e-01	1.891729e+00	0.155925	10	0.108271	2.075635e-01	5.405429e-02	1.788969e-01	2.853665e-03	9.069966e-02	3.243024e-02	1.434662e-02	2.336493e-01	8.701879e-02	9.848706e-02
1.534303e-01	1.893457e+00	0.153430	10	0.106543	2.075028e-01	5.408391e-02	1.788943e-01	2.872789e-03	9.070745e-02	3.245098e-02	1.436490e-02	2.336026e-01	8.701866e-02	9.850165e-02
1.509755e-01	1.895157e+00	0.150975	10	0.104843	2.074431e-01	5.411299e-02	1.788917e-01	2.891725e-03	9.071509e-02	3.247136e-02	1.438286e-02	2.335567e-01	8.701853e-02	9.851597e-02
1.485599e-01	1.896830e+00	0.148560	10	0.103170	2.073845e-01	5.414157e-02	1.788891e-01	2.910310e-03	9.072260e-02	3.249137e-02	1.440050e-02	2.335116e-01	8.701840e-02	9.853003e-02
1.461829e-01	1.898476e+00	0.146183	10	0.101524	2.073271e-01	5.416970e-02	1.788868e-01	2.927493e-03	9.073007e-02	3.251108e-02	1.441786e-02	2.334676e-01	8.701836e-02	9.854396e-02
1.438440e-01	1.900097e+00	0.143844	10	0.099903	2.072703e-01	5.419721e-02	1.788842e-01	2.946519e-03	9.073721e-02	3.253035e-02	1.443486e-02	2.334238e-01	8.701814e-02	9.855743e-02
1.415425e-01	1.901691e+00	0.141542	10	0.098309	2.072147e-01	5.422430e-02	1.788817e-01	2.964147e-03	9.074433e-02	3.254933e-02	1.445158e-02	2.333811e-01	8.701802e-02	9.857077e-02
1.392778e-01	1.903260e+00	0.139278	10	0.096740	2.071600e-01	5.425092e-02	1.788794e-01	2.981467e-03	9.075132e-02	3.256798e-02	1.446801e-02	2.333391e-01	8.701789e-02	9.858388e-02
1.370493e-01	1.904804e+00	0.137049	10	0.095196	2.071063e-01	5.427706e-02	1.788770e-01	2.998720e-03	9.075817e-02	3.258629e-02	1.448415e-02	2.332978e-01	8.701775e-02	9.859674e-02
1.348566e-01	1.906324e+00	0.134857	10	0.093676	2.070536e-01	5.430277e-02	1.788747e-01	3.015216e-03	9.076494e-02	3.260430e-02	1.450002e-02	2.332573e-01	8.701765e-02	9.860941e-02
1.326988e-01	1.907819e+00	0.132699	10	0.092181	2.070018e-01	5.432801e-02	1.788725e-01	3.031895e-03	9.077155e-02	3.262197e-02	1.451560e-02	2.332174e-01	8.701751e-02	9.862182e-02
1.305757e-01	1.909290e+00	0.130576	10	0.090710	2.069509e-01	5.435281e-02	1.788702e-01	3.048029e-03	9.077806e-02	3.263935e-02	1.453091e-02	2.331783e-01	8.701740e-02	9.863404e-02
1.284865e-01	1.910738e+00	0.128486	10	0.089262	2.069014e-01	5.437735e-02	1.788685e-01	3.061312e-03	9.078471e-02	3.265653e-02	1.454604e-02	2.331404e-01	8.701752e-02	9.864630e-02
1.264307e-01	1.912163e+00	0.126431	10	0.087837	2.068517e-01	5.440116e-02	1.788660e-01	3.079205e-03	9.079078e-02	3.267321e-02	1.456075e-02	2.331021e-01	8.701720e-02	9.865787e-02
1.244078e-01	1.913565e+00	0.124408	10	0.086435	2.068034e-01	5.442470e-02	1.788639e-01	3.094519e-03	9.079696e-02	3.268970e-02	1.457527e-02	2.330650e-01	8.701709e-02	9.866946e-02
1.224173e-01	1.914945e+00	0.122417	10	0.085055	2.067560e-01	5.444783e-02	1.788618e-01	3.109563e-03	9.080303e-02	3.270590e-02	1.458955e-02	2.330285e-01	8.701699e-02	9.868086e-02
1.204586e-01	1.916303e+00	0.120459	10	0.083697	2.067090e-01	5.447048e-02	1.788596e-01	3.125818e-03	9.080886e-02	3.272176e-02	1.460354e-02	2.329923e-01	8.701675e-02	9.869191e-02
1.185312e-01	1.917640e+00	0.118531	10	0.082360	2.066634e-01	5.449289e-02	1.788578e-01	3.139086e-03	9.081485e-02	3.273746e-02	1.461736e-02	2.329573e-01	8.701676e-02	9.870304e-02
1.166347e-01	1.918955e+00	0.116635	10	0.081045	2.066186e-01	5.451491e-02	1.788560e-01	3.152258e-03	9.082072e-02	3.275288e-02	1.463093e-02	2.329229e-01	8.701676e-02	9.871396e-02
1.147686e-01	1.920249e+00	0.114769	10	0.079751	2.065742e-01	5.453643e-02	1.788540e-01	3.167189e-03	9.082630e-02	3.276795e-02	1.464422e-02	2.328887e-01	8.701658e-02	9.872450e-02
1.129323e-01	1.921522e+00	0.112932	10	0.078478	2.065307e-01	5.455763e-02	1.788521e-01	3.180976e-03	9.083187e-02	3.278280e-02	1.465730e-02	2.328553e-01	8.701648e-02	9.873495e-02
1.111254e-01	1.922775e+00	0.111125	10	0.077225	2.064879e-01	5.457847e-02	1.788502e-01	3.194516e-03	9.083734e-02	3.279739e-02	1.467016e-02	2.328224e-01	8.701639e-02	9.874521e-02
1.093474e-01	1.924009e+00	0.109347	10	0.075991	2.064459e-01	5.459895e-02	1.788484e-01	3.207847e-03	9.084272e-02	3.281174e-02	1.468280e-02	2.327901e-01	8.701629e-02	9.875530e-02
1.075978e-01	1.925222e+00	0.107598	10	0.074778	2.064045e-01	5.461908e-02	1.788466e-01	3.220937e-03	9.084800e-02	3.282583e-02	1.469522e-02	2.327583e-01	8.701620e-02	9.876522e-02
1.058762e-01	1.926416e+00	0.105876	10	0.073584	2.063639e-01	5.463887e-02	1.788449e-01	3.233802e-03	9.085320e-02	3.283969e-02	1.470742e-02	2.327271e-01	8.701611e-02	9.877497e-02
1.041822e-01	1.927591e+00	0.104182	10	0.072409	2.063240e-01	5.465831e-02	1.788432e-01	3.246486e-03	9.085830e-02	3.285331e-02	1.471942e-02	2.326964e-01	8.701602e-02	9.878454e-02
1.025153e-01	1.928748e+00	0.102515	10	0.071252	2.062848e-01	5.467743e-02	1.788415e-01	3.258884e-03	9.086332e-02	3.286669e-02	1.473121e-02	2.326663e-01	8.701593e-02	9.879396e-02
1.008751e-01	1.929886e+00	0.100875	10	0.070114	2.062463e-01	5.469621e-02	1.788398e-01	3.271074e-03	9.086825e-02	3.287985e-02	1.474280e-02	2.326367e-01	8.701585e-02	9.880322e-02
9.926106e-02	1.931006e+00	0.099261	10	0.068994	2.062084e-01	5.471468e-02	1.788382e-01	3.283096e-03	9.087310e-02	3.289278e-02	1.475419e-02	2.326075e-01	8.701576e-02	9.881232e-02
9.767289e-02	1.932108e+00	0.097673	10	0.067892	2.061711e-01	5.473283e-02	1.788366e-01	3.294899e-03	9.087786e-02	3.290549e-02	1.476539e-02	2.325789e-01	8.701568e-02	9.882126e-02
9.611012e-02	1.933192e+00	0.096110	10	0.066808	2.061345e-01	5.475067e-02	1.788350e-01	3.306499e-03	9.088255e-02	3.291799e-02	1.477640e-02	2.325508e-01	8.701560e-02	9.883006e-02
9.457236e-02	1.934259e+00	0.094572	10	0.065741	2.060986e-01	5.476823e-02	1.788335e-01	3.317656e-03	9.088718e-02	3.293028e-02	1.478722e-02	2.325232e-01	8.701554e-02	9.883872e-02
9.305920e-02	1.935309e+00	0.093059	10	0.064691	2.060631e-01	5.478546e-02	1.788319e-01	3.329111e-03	9.089168e-02	3.294234e-02	1.479785e-02	2.324959e-01	8.701544e-02	9.884719e-02
9.157025e-02	1.936343e+00	0.091570	10	0.063657	2.060283e-01	5.480240e-02	1.788304e-01	3.340129e-03	9.089613e-02	3.295421e-02	1.480830e-02	2.324692e-01	8.701536e-02	9.885555e-02
9.010513e-02	1.937360e+00	0.090105	10	0.062640	2.059941e-01	5.481907e-02	1.788289e-01	3.350938e-03	9.090050e-02	3.296588e-02	1.481858e-02	2.324429e-01	8.701529e-02	9.886376e-02
8.866345e-02	1.938360e+00	0.088663	10	0.061640	2.059605e-01	5.483544e-02	1.788275e-01	3.361607e-03	9.090480e-02	3.297734e-02	1.482868e-02	2.324171e-01	8.701521e-02	9.887183e-02
8.724483e-02	1.939345e+00	0.087245	10	0.060655	2.059275e-01	5.485155e-02	1.788261e-01	3.372074e-03	9.090903e-02	3.298862e-02	1.483861e-02	2.323917e-01	8.701513e-02	9.887976e-02
8.584891e-02	1.940314e+00	0.085849	10	0.059686	2.058950e-01	5.486738e-02	1.788247e-01	3.382351e-03	9.091318e-02	3.299970e-02	1.484837e-02	2.323667e-01	8.701506e-02	9.888757e-02
8.447533e-02	1.941268e+00	0.084475	10	0.058732	2.058631e-01	5.488294e-02	1.788233e-01	3.392479e-03	9.091727e-02	3.301060e-02	1.485797e-02	2.323422e-01	8.701499e-02	9.889523e-02
8.312373e-02	1.942206e+00	0.083124	10	0.057794	2.058317e-01	5.489825e-02	1.788220e-01	3.402200e-03	9.092130e-02	3.302132e-02	1.486741e-02	2.323181e-01	8.701494e-02	9.890280e-02
8.179375e-02	1.943129e+00	0.081794	10	0.056871	2.058008e-01	5.491328e-02	1.788206e-01	3.412199e-03	9.092523e-02	3.303184e-02	1.487668e-02	2.322943e-01	8.701485e-02	9.891019e-02
8.048505e-02	1.944038e+00	0.080485	10	0.055962	2.057705e-01	5.492806e-02	1.788193e-01	3.421809e-03	9.092911e-02	3.304220e-02	1.488580e-02	2.322710e-01	8.701478e-02	9.891748e-02
7.919729e-02	1.944932e+00	0.079197	10	0.055068	2.057406e-01	5.494260e-02	1.788180e-01	3.431260e-03	9.093293e-02	3.305237e-02	1.489476e-02	2.322481e-01	8.701472e-02	9.892464e-02
7.793013e-02	1.945812e+00	0.077930	10	0.054188	2.057113e-01	5.495690e-02	1.788168e-01	3.440550e-03	9.093668e-02	3.306238e-02	1.490358e-02	2.322255e-01	8.701465e-02	9.893169e-02
7.668325e-02	1.946678e+00	0.076683	10	0.053322	2.056825e-01	5.497096e-02	1.788155e-01	3.449578e-03	9.094038e-02	3.307223e-02	1.491225e-02	2.322034e-01	8.701460e-02	9.893862e-02
7.545632e-02	1.947530e+00	0.075456	10	0.052470	2.056541e-01	5.498477e-02	1.788143e-01	3.458664e-03	9.094399e-02	3.308190e-02	1.492076e-02	2.321816e-01	8.701452e-02	9.894542e-02
7.424901e-02	1.948368e+00	0.074249	10	0.051632	2.056262e-01	5.499835e-02	1.788131e-01	3.467494e-03	9.094756e-02	3.309141e-02	1.492914e-02	2.321601e-01	8.701446e-02	9.895212e-02
7.306103e-02	1.949193e+00	0.073061	10	0.050807	2.055988e-01	5.501171e-02	1.788119e-01	3.476224e-03	9.095106e-02	3.310076e-02	1.493738e-02	2.321391e-01	8.701440e-02	9.895870e-02
7.189205e-02	1.950005e+00	0.071892	10	0.049995	2.055718e-01	5.502484e-02	1.788108e-01	3.484698e-03	9.095451e-02	3.310996e-02	1.494547e-02	2.321184e-01	8.701434e-02	9.896518e-02
7.074178e-02	1.950804e+00	0.070742	10	0.049196	2.055453e-01	5.503775e-02	1.788096e-01	3.493109e-03	9.095790e-02	3.311900e-02	1.495344e-02	2.320980e-01	8.701428e-02	9.897154e-02
6.960991e-02	1.951590e+00	0.069610	10	0.048410	2.055191e-01	5.505041e-02	1.788084e-01	3.502086e-03	9.096116e-02	3.312786e-02	1.496124e-02	2.320778e-01	8.701416e-02	9.897773e-02
6.849615e-02	1.952364e+00	0.068496	10	0.047636	2.054936e-01	5.506291e-02	1.788074e-01	3.509888e-03	9.096447e-02	3.313661e-02	1.496895e-02	2.320582e-01	8.701413e-02	9.898392e-02
6.740022e-02	1.953125e+00	0.067400	10	0.046875	2.054684e-01	5.507520e-02	1.788063e-01	3.517753e-03	9.096770e-02	3.314521e-02	1.497652e-02	2.320389e-01	8.701408e-02	9.898998e-02
6.632181e-02	1.953874e+00	0.066322	10	0.046126	2.054437e-01	5.508729e-02	1.788053e-01	3.525265e-03	9.097090e-02	3.315367e-02	1.498397e-02	2.320199e-01	8.701406e-02	9.899596e-02
6.526066e-02	1.954611e+00	0.065261	10	0.045389	2.054193e-01	5.509916e-02	1.788042e-01	3.533000e-03	9.097401e-02	3.316198e-02	1.499129e-02	2.320012e-01	8.701400e-02	9.900181e-02
6.421649e-02	1.955337e+00	0.064216	10	0.044663	2.053950e-01	5.511072e-02	1.788029e-01	3.542417e-03	9.097690e-02	3.317008e-02	1.499843e-02	2.319824e-01	8.701379e-02	9.900739e-02
6.318903e-02	1.956051e+00	0.063189	10	0.043949	2.053718e-01	5.512230e-02	1.788022e-01	3.548055e-03	9.098009e-02	3.317819e-02	1.500556e-02	2.319647e-01	8.701389e-02	9.901322e-02
6.217800e-02	1.956753e+00	0.062178	10	0.043247	2.053487e-01	5.513359e-02	1.788012e-01	3.555377e-03	9.098305e-02	3.318609e-02	1.501252e-02	2.319469e-01	8.701384e-02	9.901879e-02
6.118316e-02	1.957444e+00	0.061183	10	0.042556	2.053259e-01	5.514469e-02	1.788002e-01	3.562614e-03	9.098596e-02	3.319386e-02	1.501936e-02	2.319294e-01	8.701379e-02	9.902426e-02
6.020423e-02	1.958124e+00	0.060204	10	0.041876	2.053035e-01	5.515560e-02	1.787993e-01	3.569711e-03	9.098882e-02	3.320150e-02	1.502609e-02	2.319122e-01	8.701374e-02	9.902964e-02
5.924096e-02	1.958794e+00	0.059241	10	0.041206	2.052814e-01	5.516634e-02	1.787983e-01	3.576651e-03	9.099164e-02	3.320901e-02	1.503270e-02	2.318952e-01	8.701369e-02	9.903493e-02
5.829310e-02	1.959452e+00	0.058293	10	0.040548	2.052598e-01	5.517689e-02	1.787974e-01	3.583501e-03	9.099441e-02	3.321640e-02	1.503921e-02	2.318786e-01	8.701365e-02	9.904014e-02
5.736041e-02	1.960100e+00	0.057360	10	0.039900	2.052385e-01	5.518727e-02	1.787965e-01	3.590238e-03	9.099714e-02	3.322367e-02	1.504561e-02	2.318622e-01	8.701360e-02	9.904526e-02
5.644265e-02	1.960738e+00	0.056443	10	0.039262	2.052176e-01	5.519749e-02	1.787956e-01	3.596580e-03	9.099984e-02	3.323083e-02	1.505191e-02	2.318462e-01	8.701358e-02	9.905032e-02
5.553956e-02	1.961366e+00	0.055540	10	0.038634	2.051969e-01	5.520751e-02	1.787947e-01	3.603403e-03	9.100245e-02	3.323784e-02	1.505809e-02	2.318303e-01	8.701351e-02	9.905524e-02
5.465093e-02	1.961983e+00	0.054651	10	0.038017	2.051767e-01	5.521738e-02	1.787938e-01	3.609817e-03	9.100504e-02	3.324475e-02	1.506417e-02	2.318148e-01	8.701346e-02	9.906010e-02
5.377652e-02	1.962591e+00	0.053777	10	0.037409	2.051568e-01	5.522709e-02	1.787930e-01	3.616110e-03	9.100759e-02	3.325155e-02	1.507015e-02	2.317994e-01	8.701342e-02	9.906489e-02
5.291609e-02	1.963189e+00	0.052916	10	0.036811	2.051372e-01	5.523664e-02	1.787922e-01	3.622302e-03	9.101009e-02	3.325823e-02	1.507604e-02	2.317844e-01	8.701337e-02	9.906960e-02
5.206943e-02	1.963777e+00	0.052069	10	0.036223	2.051179e-01	5.524603e-02	1.787913e-01	3.628408e-03	9.101256e-02	3.326480e-02	1.508182e-02	2.317696e-01	8.701333e-02	9.907423e-02
5.123632e-02	1.964356e+00	0.051236	10	0.035644	2.050989e-01	5.525526e-02	1.787905e-01	3.634419e-03	9.101498e-02	3.327126e-02	1.508751e-02	2.317550e-01	8.701329e-02	9.907878e-02
5.041654e-02	1.964926e+00	0.050417	10	0.035074	2.050803e-01	5.526434e-02	1.787897e-01	3.640320e-03	9.101736e-02	3.327762e-02	1.509311e-02	2.317407e-01	8.701325e-02	9.908326e-02
4.960988e-02	1.965487e+00	0.049610	10	0.034513	2.050620e-01	5.527327e-02	1.787889e-01	3.646109e-03	9.101970e-02	3.328387e-02	1.509862e-02	2.317266e-01	8.701321e-02	9.908766e-02
4.881612e-02	1.966039e+00	0.048816	10	0.033961	2.050440e-01	5.528205e-02	1.787882e-01	3.651828e-03	9.102201e-02	3.329002e-02	1.510403e-02	2.317128e-01	8.701316e-02	9.909199e-02
4.803506e-02	1.966582e+00	0.048035	10	0.033418	2.050262e-01	5.529069e-02	1.787874e-01	3.657439e-03	9.102427e-02	3.329607e-02	1.510935e-02	2.316992e-01	8.701312e-02	9.909625e-02
4.726650e-02	1.967116e+00	0.047267	10	0.032884	2.050088e-01	5.529919e-02	1.787867e-01	3.662958e-03	9.102650e-02	3.330201e-02	1.511459e-02	2.316858e-01	8.701309e-02	9.910044e-02
4.651024e-02	1.967642e+00	0.046510	10	0.032358	2.049916e-01	5.530754e-02	1.787859e-01	3.668484e-03	9.102868e-02	3.330786e-02	1.511973e-02	2.316726e-01	8.701304e-02	9.910455e-02
4.576607e-02	1.968159e+00	0.045766	10	0.031841	2.049748e-01	5.531576e-02	1.787852e-01	3.673726e-03	9.103085e-02	3.331362e-02	1.512480e-02	2.316596e-01	8.701301e-02	9.910861e-02
4.503382e-02	1.968668e+00	0.045034	10	0.031332	2.049582e-01	5.532384e-02	1.787845e-01	3.678971e-03	9.103297e-02	3.331927e-02	1.512978e-02	2.316469e-01	8.701297e-02	9.911260e-02
4.431327e-02	1.969169e+00	0.044313	10	0.030831	2.049419e-01	5.533179e-02	1.787838e-01	3.684105e-03	9.103506e-02	3.332484e-02	1.513468e-02	2.316344e-01	8.701294e-02	9.911652e-02
4.360426e-02	1.969662e+00	0.043604	10	0.030338	2.049259e-01	5.533962e-02	1.787832e-01	3.688999e-03	9.103713e-02	3.333032e-02	1.513951e-02	2.316221e-01	8.701292e-02	9.912040e-02
4.290659e-02	1.970147e+00	0.042907	10	0.029853	2.049100e-01	5.534730e-02	1.787824e-01	3.694213e-03	9.103913e-02	3.333569e-02	1.514424e-02	2.316099e-01	8.701287e-02	9.912417e-02
4.222009e-02	1.970624e+00	0.042220	10	0.029376	2.048945e-01	5.535486e-02	1.787818e-01	3.699126e-03	9.104111e-02	3.334099e-02	1.514890e-02	2.315980e-01	8.701283e-02	9.912790e-02
4.154457e-02	1.971094e+00	0.041545	10	0.028906	2.048793e-01	5.536230e-02	1.787811e-01	3.703956e-03	9.104306e-02	3.334620e-02	1.515348e-02	2.315862e-01	8.701280e-02	9.913157e-02
4.087985e-02	1.971556e+00	0.040880	10	0.028444	2.048642e-01	5.536962e-02	1.787805e-01	3.708687e-03	9.104498e-02	3.335132e-02	1.515799e-02	2.315747e-01	8.701277e-02	9.913518e-02
4.022578e-02	1.972011e+00	0.040226	10	0.027989	2.048495e-01	5.537682e-02	1.787799e-01	3.713318e-03	9.104687e-02	3.335636e-02	1.516245e-02	2.315634e-01	8.701274e-02	9.913873e-02
3.958216e-02	1.972458e+00	0.039582	10	0.027542	2.048349e-01	5.538390e-02	1.787792e-01	3.717980e-03	9.104873e-02	3.336131e-02	1.516679e-02	2.315522e-01	8.701270e-02	9.914221e-02
