1.000000e+02	1.000000e+02	2.000000	6	7.948387e-04	3.486929e-46	3.448276e-04	5.299665e-103	9.979378e-01	3.916360e-53	1.552500e-70	7.974138e-04	1.000000e-04	2.514286e-05	
9.500000e+01	9.500000e+01	2.000000	6	8.366723e-04	0.000000e+00	3.629764e-04	0.000000e+00	9.978292e-01	0.000000e+00	0.000000e+00	8.393829e-04	1.052632e-04	2.646623e-05	
9.025000e+01	9.025000e+01	2.000000	6	8.807077e-04	0.000000e+00	3.820804e-04	0.000000e+00	9.977150e-01	0.000000e+00	0.000000e+00	8.835610e-04	1.108033e-04	2.786295e-05	
8.573750e+01	8.573750e+01	2.000000	6	9.270607e-04	3.649935e-46	4.021899e-04	1.397431e-102	9.975947e-01	4.550566e-53	1.993422e-70	9.300642e-04	1.166351e-04	2.932539e-05	
8.145062e+01	8.145062e+01	2.000000	6	9.758534e-04	0.000000e+00	4.233578e-04	0.000000e+00	9.974681e-01	0.000000e+00	0.000000e+00	9.790149e-04	1.227738e-04	3.086897e-05	
7.737809e+01	7.737809e+01	2.000000	6	1.027214e-03	3.000851e-46	4.456398e-04	2.332920e-103	9.973349e-01	2.590280e-53	3.885759e-71	1.030542e-03	1.292355e-04	3.249351e-05	
7.350919e+01	7.350919e+01	2.000000	6	1.081278e-03	0.000000e+00	4.690945e-04	0.000000e+00	9.971946e-01	0.000000e+00	0.000000e+00	1.084781e-03	1.360374e-04	3.418881e-05	
6.983373e+01	6.983373e+01	2.000000	6	1.138187e-03	0.000000e+00	4.937837e-04	0.000000e+00	9.970469e-01	0.000000e+00	0.000000e+00	1.141875e-03	1.431973e-04	3.602942e-05	
6.634204e+01	6.634204e+01	2.000000	6	1.198092e-03	0.000000e+00	5.197723e-04	0.000000e+00	9.968916e-01	0.000000e+00	0.000000e+00	1.201974e-03	1.507340e-04	3.787309e-05	
6.302494e+01	6.302494e+01	2.000000	6	1.261149e-03	1.688624e-46	5.471288e-04	1.679663e-105	9.967279e-01	1.305348e-53	1.455243e-71	1.265235e-03	1.586673e-04	3.989350e-05	
5.987369e+01	5.987369e+01	2.000000	6	1.327526e-03	0.000000e+00	5.759250e-04	0.000000e+00	9.965557e-01	0.000000e+00	0.000000e+00	1.331827e-03	1.670183e-04	4.199329e-05	
5.688001e+01	5.688001e+01	2.000000	6	1.397396e-03	0.000000e+00	6.062369e-04	0.000000e+00	9.963745e-01	0.000000e+00	0.000000e+00	1.401923e-03	1.758087e-04	4.418205e-05	
5.403601e+01	5.403601e+01	2.000000	6	1.470943e-03	3.890265e-47	6.381441e-04	2.441603e-104	9.961836e-01	2.896350e-54	2.394029e-72	1.475708e-03	1.850618e-04	4.652982e-05	
5.133421e+01	5.133421e+01	2.000000	6	1.548361e-03	0.000000e+00	6.717306e-04	0.000000e+00	9.959828e-01	0.000000e+00	0.000000e+00	1.553377e-03	1.948019e-04	4.897873e-05	
4.876750e+01	4.876750e+01	2.000000	6	1.629853e-03	3.440893e-46	7.070848e-04	1.249844e-103	9.957713e-01	4.722336e-53	4.282950e-70	1.635134e-03	2.050546e-04	5.155659e-05	
4.632912e+01	4.632912e+01	2.000000	6	1.715635e-03	0.000000e+00	7.442998e-04	0.000000e+00	9.955488e-01	0.000000e+00	0.000000e+00	1.721193e-03	2.158470e-04	5.427009e-05	
4.401267e+01	4.401267e+01	2.000000	6	1.805932e-03	0.000000e+00	7.834735e-04	0.000000e+00	9.953144e-01	0.000000e+00	0.000000e+00	1.811782e-03	2.272073e-04	5.715530e-05	
4.181203e+01	4.181203e+01	2.000000	6	1.900981e-03	6.123951e-47	8.247090e-04	2.015946e-105	9.950679e-01	4.527969e-54	3.602320e-72	1.907139e-03	2.391656e-04	6.013306e-05	
3.972143e+01	3.972143e+01	2.000000	6	2.001032e-03	0.000000e+00	8.681147e-04	0.000000e+00	9.948083e-01	0.000000e+00	0.000000e+00	2.007515e-03	2.517533e-04	6.329738e-05	
3.773536e+01	3.773536e+01	2.000000	6	2.106350e-03	0.000000e+00	9.138049e-04	0.000000e+00	9.945350e-01	0.000000e+00	0.000000e+00	2.113174e-03	2.650034e-04	6.662943e-05	
3.584859e+01	3.584859e+01	2.000000	6	2.217210e-03	0.000000e+00	9.618999e-04	0.000000e+00	9.942474e-01	0.000000e+00	0.000000e+00	2.224394e-03	2.789510e-04	7.013695e-05	
3.405616e+01	3.405616e+01	2.000000	6	2.333906e-03	0.000000e+00	1.012526e-03	0.000000e+00	9.939446e-01	0.000000e+00	0.000000e+00	2.341467e-03	2.936326e-04	7.382762e-05	
3.235335e+01	3.235335e+01	2.000000	6	2.456743e-03	0.000000e+00	1.065817e-03	0.000000e+00	9.936261e-01	0.000000e+00	0.000000e+00	2.464702e-03	3.090870e-04	7.750274e-05	
3.073569e+01	3.073569e+01	2.000000	6	2.586045e-03	3.649518e-46	1.121913e-03	6.838381e-106	9.932905e-01	3.218398e-53	2.974305e-71	2.594423e-03	3.253547e-04	8.180347e-05	
2.919890e+01	2.919890e+01	2.000000	6	2.722153e-03	9.852380e-47	1.180961e-03	8.139521e-104	9.929373e-01	7.672446e-54	1.192611e-71	2.730972e-03	3.424786e-04	8.610891e-05	
2.773896e+01	2.773896e+01	2.000000	6	2.865424e-03	0.000000e+00	1.243117e-03	0.000000e+00	9.925656e-01	0.000000e+00	0.000000e+00	2.874707e-03	3.605038e-04	9.063714e-05	
2.635201e+01	2.635201e+01	2.000000	6	3.016236e-03	2.567673e-46	1.308544e-03	8.877843e-104	9.921743e-01	1.823218e-53	1.797961e-71	3.026008e-03	3.794777e-04	9.541154e-05	
2.503441e+01	2.503441e+01	2.000000	6	3.174985e-03	0.000000e+00	1.377415e-03	0.000000e+00	9.917624e-01	0.000000e+00	0.000000e+00	3.185271e-03	3.994502e-04	1.004295e-04	
2.378269e+01	2.378269e+01	2.000000	6	3.342089e-03	0.000000e+00	1.449910e-03	0.000000e+00	9.913289e-01	0.000000e+00	0.000000e+00	3.352917e-03	4.204739e-04	1.057192e-04	
2.259355e+01	2.259355e+01	2.000000	6	3.517989e-03	8.095217e-47	1.526221e-03	2.655646e-108	9.908725e-01	4.948745e-54	1.747250e-72	3.529386e-03	4.426041e-04	1.112833e-04	
2.146388e+01	2.146388e+01	2.000000	6	3.703146e-03	7.650440e-47	1.606549e-03	4.224254e-107	9.903921e-01	4.570699e-54	1.783353e-72	3.715143e-03	4.658991e-04	1.171403e-04	
2.039068e+01	2.039068e+01	2.000000	6	3.898049e-03	4.596108e-46	1.691104e-03	1.066679e-100	9.898864e-01	4.805494e-53	1.883472e-70	3.910677e-03	4.904201e-04	1.233056e-04	
1.937115e+01	1.937115e+01	2.000000	6	4.103209e-03	0.000000e+00	1.780109e-03	0.000000e+00	9.893545e-01	0.000000e+00	0.000000e+00	4.116502e-03	5.162317e-04	1.294323e-04	
1.840259e+01	1.840259e+01	2.000000	6	4.319167e-03	5.242773e-68	1.873799e-03	0.000000e+00	9.887938e-01	0.000000e+00	0.000000e+00	4.333160e-03	5.434017e-04	1.366267e-04	
1.748246e+01	1.748246e+01	2.000000	6	4.546492e-03	0.000000e+00	1.972420e-03	0.000000e+00	9.882041e-01	0.000000e+00	0.000000e+00	4.561222e-03	5.720018e-04	1.438066e-04	
1.660834e+01	1.660834e+01	2.000000	6	4.785781e-03	0.000000e+00	2.076232e-03	0.000000e+00	9.875832e-01	0.000000e+00	0.000000e+00	4.801286e-03	6.021072e-04	1.513948e-04	
1.577792e+01	1.577792e+01	2.000000	6	5.037664e-03	0.000000e+00	2.185507e-03	0.000000e+00	9.869297e-01	0.000000e+00	0.000000e+00	5.053985e-03	6.337970e-04	1.593557e-04	
1.498903e+01	1.498903e+01	2.000000	6	5.302804e-03	0.000000e+00	2.300534e-03	0.000000e+00	9.862420e-01	0.000000e+00	0.000000e+00	5.319984e-03	6.671548e-04	1.674733e-04	
1.423957e+01	1.423957e+01	2.000000	6	5.581899e-03	1.565774e-46	2.421614e-03	8.671965e-103	9.855177e-01	1.029103e-53	6.344643e-72	5.599983e-03	7.022682e-04	1.765703e-04	
1.352760e+01	1.352760e+01	2.000000	6	5.875684e-03	0.000000e+00	2.549068e-03	0.000000e+00	9.847555e-01	0.000000e+00	0.000000e+00	5.894719e-03	7.392297e-04	1.858494e-04	
1.285122e+01	1.285122e+01	2.000000	6	6.184930e-03	0.000000e+00	2.683229e-03	0.000000e+00	9.839530e-01	0.000000e+00	0.000000e+00	6.204968e-03	7.781365e-04	1.957480e-04	
1.220865e+01	1.220865e+01	2.000000	6	6.510453e-03	2.611890e-61	2.824452e-03	0.000000e+00	9.831085e-01	0.000000e+00	0.000000e+00	6.531545e-03	8.190911e-04	2.059429e-04	
1.159822e+01	1.159822e+01	2.000000	6	6.853108e-03	3.416236e-46	2.973107e-03	1.667715e-108	9.822195e-01	2.475392e-53	1.215098e-71	6.875311e-03	8.622011e-04	2.167820e-04	
1.101831e+01	1.101831e+01	2.000000	6	7.213798e-03	2.866649e-46	3.129587e-03	1.053990e-106	9.812837e-01	1.948281e-53	6.650144e-72	7.237169e-03	9.075801e-04	2.281916e-04	
1.046740e+01	1.046740e+01	2.000000	6	7.593472e-03	3.337098e-46	3.294302e-03	6.160019e-104	9.802986e-01	2.734047e-53	1.905246e-71	7.618073e-03	9.553475e-04	2.402017e-04	
9.944026e+00	9.944026e+00	2.000000	6	7.993128e-03	0.000000e+00	3.467686e-03	0.000000e+00	9.792617e-01	0.000000e+00	0.000000e+00	8.019024e-03	1.005629e-03	2.528292e-04	
9.446824e+00	9.446824e+00	2.000000	6	8.413819e-03	1.687953e-51	3.650196e-03	0.000000e+00	9.781702e-01	7.708738e-74	0.000000e+00	8.441078e-03	1.058557e-03	2.661514e-04	
8.974483e+00	8.974483e+00	2.000000	6	8.856652e-03	2.157479e-45	3.842311e-03	1.742186e-104	9.770213e-01	3.946128e-52	2.823243e-69	8.885345e-03	1.114270e-03	2.801594e-04	
8.525759e+00	8.525759e+00	2.000000	6	9.322791e-03	1.008413e-45	4.044538e-03	4.878371e-105	9.758119e-01	8.329602e-53	5.020210e-71	9.352995e-03	1.172916e-03	2.949046e-04	
8.099471e+00	8.099471e+00	2.000000	6	9.813464e-03	2.716544e-36	4.257409e-03	0.000000e+00	9.745388e-01	0.000000e+00	0.000000e+00	9.845258e-03	1.234649e-03	3.104259e-04	
7.694498e+00	7.694498e+00	2.000000	6	1.032996e-02	4.452277e-34	4.481483e-03	0.000000e+00	9.731987e-01	0.000000e+00	0.000000e+00	1.036343e-02	1.299630e-03	3.267641e-04	
7.309773e+00	7.309773e+00	2.000000	6	1.087364e-02	0.000000e+00	4.717350e-03	0.000000e+00	9.717882e-01	0.000000e+00	0.000000e+00	1.090887e-02	1.368032e-03	3.439416e-04	
6.944284e+00	6.944284e+00	2.000000	6	1.144594e-02	1.810403e-45	4.965632e-03	2.000560e-104	9.703033e-01	2.886670e-52	1.479267e-69	1.148302e-02	1.440033e-03	3.620655e-04	
6.597070e+00	6.597070e+00	2.000000	6	1.204836e-02	0.000000e+00	5.226981e-03	0.000000e+00	9.687395e-01	0.000000e+00	0.000000e+00	1.208739e-02	1.515825e-03	3.819562e-04	
6.267216e+00	6.267216e+00	2.000000	6	1.268248e-02	1.077094e-45	5.502085e-03	2.228064e-103	9.670951e-01	9.018159e-53	7.649687e-71	1.272357e-02	1.595605e-03	4.011806e-04	
5.953856e+00	5.953856e+00	2.000000	6	1.334998e-02	1.603848e-45	5.791669e-03	1.439411e-101	9.653632e-01	2.055045e-52	9.767926e-70	1.339323e-02	1.679584e-03	4.222954e-04	
5.656163e+00	5.656163e+00	2.000000	6	1.405261e-02	0.000000e+00	6.096493e-03	0.000000e+00	9.635402e-01	0.000000e+00	0.000000e+00	1.409814e-02	1.767983e-03	4.445215e-04	
5.373355e+00	5.373355e+00	2.000000	6	1.479223e-02	5.633812e-46	6.417361e-03	1.637528e-106	9.616213e-01	3.641749e-53	9.684894e-72	1.484015e-02	1.861035e-03	4.679173e-04	
5.104687e+00	5.104687e+00	2.000000	6	1.557076e-02	0.000000e+00	6.755117e-03	0.000000e+00	9.596014e-01	0.000000e+00	0.000000e+00	1.562121e-02	1.958984e-03	4.925452e-04	
4.849453e+00	4.849453e+00	2.000000	6	1.639028e-02	2.569157e-45	7.110650e-03	9.883566e-103	9.574751e-01	2.400118e-52	3.009613e-70	1.644338e-02	2.062088e-03	5.184680e-04	
4.606980e+00	4.606980e+00	2.000000	6	1.725292e-02	9.432700e-46	7.484895e-03	1.957047e-105	9.552370e-01	7.108190e-53	4.244674e-71	1.730882e-02	2.170619e-03	5.457557e-04	
4.376631e+00	4.376631e+00	2.000000	6	1.816097e-02	2.315567e-45	7.878836e-03	6.073415e-102	9.528810e-01	2.075404e-52	9.457354e-71	1.821981e-02	2.284863e-03	5.744797e-04	
4.157799e+00	4.157799e+00	2.000000	6	1.911681e-02	1.668832e-45	8.293512e-03	1.076858e-103	9.504011e-01	1.427505e-52	1.498291e-70	1.917875e-02	2.405118e-03	6.047155e-04	
3.949909e+00	3.949909e+00	2.000000	6	2.012296e-02	5.461130e-45	8.730013e-03	7.518583e-104	9.477906e-01	7.936903e-52	3.670767e-69	2.018815e-02	2.531704e-03	6.365426e-04	
3.752414e+00	3.752414e+00	2.000000	6	2.118206e-02	2.113874e-45	9.189487e-03	3.747977e-106	9.450428e-01	1.604575e-52	7.184816e-71	2.125069e-02	2.664951e-03	6.700449e-04	
3.564793e+00	3.564793e+00	2.000000	6	2.229691e-02	0.000000e+00	9.673144e-03	0.000000e+00	9.421502e-01	0.000000e+00	0.000000e+00	2.236915e-02	2.805212e-03	7.053583e-04	
3.386554e+00	3.386554e+00	2.000000	6	2.347043e-02	3.883686e-45	1.018226e-02	4.379192e-108	9.391056e-01	3.227506e-52	1.616044e-70	2.354647e-02	2.952855e-03	7.424320e-04	
3.217226e+00	3.217226e+00	2.000000	6	2.470572e-02	7.069191e-64	1.071817e-02	0.000000e+00	9.359006e-01	0.000000e+00	0.000000e+00	2.478576e-02	3.108268e-03	7.815074e-04	
3.056365e+00	3.056365e+00	2.000000	6	2.600602e-02	0.000000e+00	1.128228e-02	0.000000e+00	9.325269e-01	0.000000e+00	0.000000e+00	2.609027e-02	3.271861e-03	8.226834e-04	
2.903546e+00	2.903546e+00	2.000000	6	2.737476e-02	1.836467e-45	1.187608e-02	2.871177e-103	9.289757e-01	1.271598e-52	6.030614e-71	2.746344e-02	3.444064e-03	8.659361e-04	
2.758369e+00	2.758369e+00	2.000000	6	2.881553e-02	5.809254e-45	1.250114e-02	5.646353e-103	9.252376e-01	4.811813e-52	7.286692e-71	2.890889e-02	3.625331e-03	9.115117e-04	
2.620451e+00	2.620451e+00	2.000000	6	3.033214e-02	0.000000e+00	1.315910e-02	0.000000e+00	9.213026e-01	0.000000e+00	0.000000e+00	3.043041e-02	3.816138e-03	9.596146e-04	
2.489428e+00	2.489428e+00	2.000000	6	3.192857e-02	0.000000e+00	1.385168e-02	0.000000e+00	9.171606e-01	0.000000e+00	0.000000e+00	3.203201e-02	4.016987e-03	1.010160e-03	
2.364957e+00	2.364957e+00	2.000000	6	3.360902e-02	6.693996e-45	1.458071e-02	1.153100e-103	9.128008e-01	7.509968e-52	1.679758e-69	3.371790e-02	4.228407e-03	1.063142e-03	
2.246709e+00	2.246709e+00	2.000000	6	3.537791e-02	0.000000e+00	1.534812e-02	0.000000e+00	9.082113e-01	0.000000e+00	0.000000e+00	3.549253e-02	4.450955e-03	1.119187e-03	
2.134373e+00	2.134373e+00	2.000000	6	3.723991e-02	0.000000e+00	1.615592e-02	3.467447e-41	9.033804e-01	0.000000e+00	0.000000e+00	3.736056e-02	4.685216e-03	1.177997e-03	
2.027655e+00	2.027655e+00	2.000000	6	3.919990e-02	3.053675e-38	1.700623e-02	0.000000e+00	8.982952e-01	0.000000e+00	0.000000e+00	3.932690e-02	4.931806e-03	1.239997e-03	
1.926272e+00	1.926272e+00	2.000000	6	4.126306e-02	8.054170e-45	1.790129e-02	2.325931e-105	8.929423e-01	6.438468e-52	1.231227e-70	4.139674e-02	5.191375e-03	1.305260e-03	
1.829958e+00	1.829958e+00	2.000000	6	4.343480e-02	6.238693e-45	1.884347e-02	9.041338e-102	8.873077e-01	4.560479e-52	0.000000e+00	4.357552e-02	5.464605e-03	1.373958e-03	
1.738460e+00	1.738460e+00	2.000000	6	4.572084e-02	5.243157e-65	1.983523e-02	0.000000e+00	8.813765e-01	0.000000e+00	0.000000e+00	4.586896e-02	5.752216e-03	1.446271e-03	
1.651537e+00	1.651537e+00	2.000000	6	4.812720e-02	5.354797e-66	2.087919e-02	0.000000e+00	8.751331e-01	0.000000e+00	0.000000e+00	4.828312e-02	6.054964e-03	1.522391e-03	
1.568961e+00	1.568961e+00	2.000000	6	5.066021e-02	0.000000e+00	2.197809e-02	0.000000e+00	8.685612e-01	0.000000e+00	0.000000e+00	5.082434e-02	6.373646e-03	1.602517e-03	
1.490513e+00	1.490513e+00	2.000000	6	5.332654e-02	0.000000e+00	2.313483e-02	0.000000e+00	8.616435e-01	0.000000e+00	0.000000e+00	5.349930e-02	6.709102e-03	1.686682e-03	
1.415987e+00	1.415987e+00	2.000000	6	5.613320e-02	1.448716e-33	2.435246e-02	0.000000e+00	8.543614e-01	0.000000e+00	0.000000e+00	5.631505e-02	7.062212e-03	1.775642e-03	
1.345188e+00	1.345188e+00	2.000000	6	5.908757e-02	0.000000e+00	2.563416e-02	0.000000e+00	8.466950e-01	0.000000e+00	0.000000e+00	5.927900e-02	7.433907e-03	1.870351e-03	
1.277928e+00	1.277928e+00	2.000000	6	6.219745e-02	0.000000e+00	2.698333e-02	0.000000e+00	8.386278e-01	0.000000e+00	0.000000e+00	6.239895e-02	7.825166e-03	1.967332e-03	
1.214032e+00	1.214032e+00	2.000000	6	6.547100e-02	3.129432e-44	2.840351e-02	4.104284e-104	8.301344e-01	4.076856e-51	1.128128e-68	6.568311e-02	8.237017e-03	2.071021e-03	
1.153330e+00	1.153330e+00	2.000000	6	6.891684e-02	2.347280e-44	2.989843e-02	1.091638e-104	8.211941e-01	1.871710e-51	4.187279e-70	6.914011e-02	8.670544e-03	2.180022e-03	
1.095664e+00	1.095664e+00	2.000000	6	7.254404e-02	0.000000e+00	3.147203e-02	0.000000e+00	8.117841e-01	0.000000e+00	0.000000e+00	7.277907e-02	9.126888e-03	2.293889e-03	
1.040880e+00	1.040880e+00	2.000000	6	7.636215e-02	0.000000e+00	3.312845e-02	0.000000e+00	8.018769e-01	0.000000e+00	0.000000e+00	7.660954e-02	9.607251e-03	2.415702e-03	
9.888365e-01	9.888365e-01	2.000000	6	8.038121e-02	3.059893e-64	3.487205e-02	0.000000e+00	7.914495e-01	0.000000e+00	0.000000e+00	8.064162e-02	1.011290e-02	2.542671e-03	
9.393946e-01	9.393946e-01	2.000000	6	8.461180e-02	0.000000e+00	3.670743e-02	0.000000e+00	7.804734e-01	0.000000e+00	0.000000e+00	8.488592e-02	1.064515e-02	2.676263e-03	
8.924249e-01	8.924249e-01	2.000000	6	8.906505e-02	0.000000e+00	3.863939e-02	0.000000e+00	7.689189e-01	0.000000e+00	0.000000e+00	8.935360e-02	1.120542e-02	2.817640e-03	
8.478037e-01	8.478037e-01	2.000000	6	9.375269e-02	0.000000e+00	4.067305e-02	0.000000e+00	7.567568e-01	0.000000e+00	0.000000e+00	9.405642e-02	1.179518e-02	2.965835e-03	
8.054135e-01	8.054135e-01	2.000000	6	9.868704e-02	0.000000e+00	4.281373e-02	0.000000e+00	7.439548e-01	0.000000e+00	0.000000e+00	9.900676e-02	1.241598e-02	3.121722e-03	
7.651428e-01	7.651428e-01	2.000000	6	1.038811e-01	0.000000e+00	4.506709e-02	0.000000e+00	7.304787e-01	0.000000e+00	0.000000e+00	1.042176e-01	1.306946e-02	3.286035e-03	
7.268857e-01	7.268857e-01	2.000000	6	1.093485e-01	1.811347e-64	4.743904e-02	0.000000e+00	7.162934e-01	0.000000e+00	0.000000e+00	1.097028e-01	1.375732e-02	3.458984e-03	
6.905414e-01	6.905414e-01	2.000000	6	1.151037e-01	0.000000e+00	4.993583e-02	0.000000e+00	7.013613e-01	0.000000e+00	0.000000e+00	1.154766e-01	1.448139e-02	3.641132e-03	
6.560143e-01	6.560143e-01	2.000000	6	1.211618e-01	0.000000e+00	5.256403e-02	0.000000e+00	6.856441e-01	0.000000e+00	0.000000e+00	1.215543e-01	1.524357e-02	3.832139e-03	
6.232136e-01	6.232136e-01	2.000000	6	1.275387e-01	4.851169e-67	5.533056e-02	0.000000e+00	6.690985e-01	0.000000e+00	0.000000e+00	1.279519e-01	1.604586e-02	4.034388e-03	
5.920529e-01	5.920529e-01	2.000000	6	1.342513e-01	1.023450e-49	5.824270e-02	0.000000e+00	6.516827e-01	1.688514e-72	0.000000e+00	1.346862e-01	1.689038e-02	4.246725e-03	
5.624503e-01	5.624503e-01	2.000000	6	1.413172e-01	2.714545e-45	6.130810e-02	0.000000e+00	6.333502e-01	1.366486e-54	2.004434e-83	1.417750e-01	1.777935e-02	4.470236e-03	
5.343278e-01	5.343278e-01	2.000000	6	1.487549e-01	0.000000e+00	6.453484e-02	0.000000e+00	6.140528e-01	0.000000e+00	0.000000e+00	1.492368e-01	1.871510e-02	4.705512e-03	
5.076114e-01	5.076114e-01	2.000000	6	1.565841e-01	8.218843e-45	6.793141e-02	2.919666e-108	5.937398e-01	4.568426e-52	1.370265e-70	1.570914e-01	1.970011e-02	4.953171e-03	
4.822308e-01	4.822308e-01	2.000000	6	1.648254e-01	3.067708e-50	7.150675e-02	0.000000e+00	5.723577e-01	3.541074e-70	0.000000e+00	1.653594e-01	2.073696e-02	5.213864e-03	
4.581193e-01	4.581193e-01	2.000000	6	1.735004e-01	1.310417e-44	7.527027e-02	8.861792e-104	5.498502e-01	4.526564e-52	0.000000e+00	1.740625e-01	2.182838e-02	5.488278e-03	
4.352133e-01	4.352133e-01	2.000000	6	1.826320e-01	1.041842e-44	7.923186e-02	2.052639e-103	5.261581e-01	4.619871e-52	7.238121e-71	1.832237e-01	2.297724e-02	5.777134e-03	
4.134526e-01	4.134526e-01	2.000000	6	1.922442e-01	1.105504e-44	8.340196e-02	3.939607e-102	5.012191e-01	5.077005e-52	1.408717e-70	1.928670e-01	2.418657e-02	6.081194e-03	
3.927800e-01	3.927800e-01	2.000000	6	2.023623e-01	1.173312e-43	8.779153e-02	0.000000e+00	4.749674e-01	0.000000e+00	0.000000e+00	2.030179e-01	2.545954e-02	6.401257e-03	
3.731410e-01	3.731410e-01	2.000000	6	2.130130e-01	4.122923e-45	9.241214e-02	2.276596e-117	4.473341e-01	1.049655e-52	1.560020e-72	2.137031e-01	2.679952e-02	6.738165e-03	
3.544840e-01	3.544840e-01	2.000000	6	2.242242e-01	8.405996e-45	9.727594e-02	7.258817e-101	4.182465e-01	4.895618e-52	8.291485e-70	2.249506e-01	2.821002e-02	7.092805e-03	
3.367598e-01	3.367598e-01	2.000000	6	2.360254e-01	2.731358e-45	1.023957e-01	3.214133e-112	3.876279e-01	5.949679e-53	6.535886e-73	2.367901e-01	2.969476e-02	7.466111e-03	
3.199218e-01	3.199218e-01	2.000000	6	2.484478e-01	1.249663e-45	1.077850e-01	2.302096e-106	3.553977e-01	4.120236e-53	3.903699e-72	2.492527e-01	3.125764e-02	7.859064e-03	
3.039257e-01	3.039257e-01	2.000000	6	2.615240e-01	0.000000e+00	1.134579e-01	0.000000e+00	3.214701e-01	0.000000e+00	0.000000e+00	2.623713e-01	3.290278e-02	8.273900e-03	
2.887294e-01	2.887294e-01	2.000000	6	2.752885e-01	0.000000e+00	1.194293e-01	0.000000e+00	2.857594e-01	0.000000e+00	0.000000e+00	2.761803e-01	3.463451e-02	8.707985e-03	
2.742929e-01	2.742929e-01	2.000000	6	2.897775e-01	0.000000e+00	1.257152e-01	0.000000e+00	2.481812e-01	0.000000e+00	0.000000e+00	2.907163e-01	3.645744e-02	9.152416e-03	
2.605783e-01	2.605783e-01	2.000000	6	3.050288e-01	1.150605e-47	1.323317e-01	1.811335e-117	2.085975e-01	1.188876e-55	2.815052e-76	3.060170e-01	3.837618e-02	9.648869e-03	
2.475494e-01	2.475494e-01	2.000000	6	3.210829e-01	0.000000e+00	1.392965e-01	0.000000e+00	1.669448e-01	0.000000e+00	0.000000e+00	3.221231e-01	4.039598e-02	1.015669e-02	
2.351719e-01	2.351719e-01	2.000000	6	3.379820e-01	0.000000e+00	1.466279e-01	0.000000e+00	1.230998e-01	0.000000e+00	0.000000e+00	3.390770e-01	4.252209e-02	1.069127e-02	
2.234133e-01	2.234133e-01	2.000000	6	3.557705e-01	1.911960e-63	1.543451e-01	1.240960e-150	7.694711e-02	1.437140e-73	1.211889e-99	3.569231e-01	4.476009e-02	1.125397e-02	
2.122426e-01	2.122426e-01	2.000000	6	3.744951e-01	0.000000e+00	1.624684e-01	0.000000e+00	2.836595e-02	0.000000e+00	0.000000e+00	3.757084e-01	4.711582e-02	1.184624e-02	
2.016305e-01	2.016305e-01	2.005973	5	3.880154e-01	0.000000e+00	1.661935e-01	0.000000e+00	0.000000e+00	0.000000e+00	0.000000e+00	3.888778e-01	4.709147e-02	9.821814e-03	
1.915490e-01	1.915490e-01	2.019312	5	3.941266e-01	4.132478e-68	1.637887e-01	3.308379e-157	4.031250e-13	2.456402e-78	8.148317e-105	3.940761e-01	4.378525e-02	4.223287e-03	
1.819715e-01	1.819715e-01	2.032750	4	4.000415e-01	0.000000e+00	1.608608e-01	0.000000e+00	0.000000e+00	0.000000e+00	0.000000e+00	3.989955e-01	4.010212e-02	3.156049e-09	
1.728730e-01	1.728730e-01	2.047035	4	4.048945e-01	1.731609e-55	1.567178e-01	8.343703e-124	1.257067e-16	3.244000e-63	3.330860e-83	4.027096e-01	3.567810e-02	2.001569e-11	
1.642293e-01	1.642293e-01	2.060942	4	4.099980e-01	0.000000e+00	1.523611e-01	0.000000e+00	0.000000e+00	0.000000e+00	0.000000e+00	4.066141e-01	3.102681e-02	2.319288e-12	
1.560178e-01	1.560178e-01	2.074470	4	4.153650e-01	2.849840e-45	1.477796e-01	8.901801e-87	5.337316e-19	2.400579e-50	5.539652e-63	4.107192e-01	2.613615e-02	5.171001e-16	
1.482169e-01	1.482169e-01	2.087619	4	4.210097e-01	0.000000e+00	1.429612e-01	0.000000e+00	0.000000e+00	0.000000e+00	0.000000e+00	4.150357e-01	2.099341e-02	2.750354e-24	
1.408061e-01	1.408061e-01	2.100390	4	4.269467e-01	0.000000e+00	1.378934e-01	0.000000e+00	0.000000e+00	0.000000e+00	0.000000e+00	4.195747e-01	1.558521e-02	2.393257e-18	
1.337658e-01	1.337658e-01	2.112786	4	4.331914e-01	0.000000e+00	1.325630e-01	0.000000e+00	0.000000e+00	0.000000e+00	0.000000e+00	4.243481e-01	9.897462e-03	0.000000e+00	
1.270775e-01	1.270775e-01	2.124807	4	4.397603e-01	3.441625e-117	1.269561e-01	2.718547e-249	8.811392e-48	5.725483e-132	3.075753e-171	4.293683e-01	3.915333e-03	2.192721e-40	
1.207236e-01	1.207236e-01	2.137064	3	4.458340e-01	0.000000e+00	1.204100e-01	0.000000e+00	0.000000e+00	0.000000e+00	0.000000e+00	4.337561e-01	1.889421e-09	0.000000e+00	
1.146875e-01	1.146875e-01	2.149966	3	4.507735e-01	1.284511e-74	1.124019e-01	1.002398e-151	3.080934e-36	6.276382e-83	3.360046e-105	4.368246e-01	7.648031e-13	2.254321e-32	
1.089531e-01	1.089531e-01	2.162484	3	4.559697e-01	0.000000e+00	1.039788e-01	0.000000e+00	0.000000e+00	0.000000e+00	0.000000e+00	4.400515e-01	3.574903e-16	0.000000e+00	
1.035054e-01	1.035054e-01	2.174621	3	4.614360e-01	2.525567e-45	9.511878e-02	1.537752e-89	1.558841e-23	3.518738e-50	5.741170e-63	4.434452e-01	5.126462e-12	1.462329e-21	
9.833015e-02	9.833015e-02	2.186381	3	4.671867e-01	0.000000e+00	8.579869e-02	0.000000e+00	0.000000e+00	0.000000e+00	0.000000e+00	4.470146e-01	5.225952e-11	0.000000e+00	
9.341365e-02	9.341365e-02	2.197767	3	4.732370e-01	0.000000e+00	7.599404e-02	0.000000e+00	0.000000e+00	0.000000e+00	0.000000e+00	4.507689e-01	1.798504e-25	0.000000e+00	
8.874296e-02	8.874296e-02	2.208784	3	4.796027e-01	0.000000e+00	6.567927e-02	0.000000e+00	0.000000e+00	0.000000e+00	0.000000e+00	4.547181e-01	1.148024e-24	0.000000e+00	
8.430581e-02	8.430581e-02	2.219437	3	4.863003e-01	1.829742e-47	5.482734e-02	3.647467e-83	6.544893e-28	9.025606e-52	6.094015e-63	4.588723e-01	6.563973e-18	4.201858e-26	
8.009052e-02	8.009052e-02	2.229730	3	4.933476e-01	0.000000e+00	4.340982e-02	0.000000e+00	0.000000e+00	0.000000e+00	0.000000e+00	4.632426e-01	0.000000e+00	0.000000e+00	
7.608600e-02	7.608600e-02	2.239670	3	5.007630e-01	7.066355e-67	3.139679e-02	1.490609e-126	1.835266e-38	2.550196e-73	1.302512e-90	4.678403e-01	2.036953e-24	8.887539e-36	
7.228170e-02	7.228170e-02	2.249264	3	5.085656e-01	0.000000e+00	1.875716e-02	0.000000e+00	0.000000e+00	0.000000e+00	0.000000e+00	4.726772e-01	0.000000e+00	0.000000e+00	
6.866761e-02	6.866761e-02	2.258516	3	5.167767e-01	0.000000e+00	5.456558e-03	0.000000e+00	0.000000e+00	0.000000e+00	0.000000e+00	4.777667e-01	0.000000e+00	0.000000e+00	
6.523423e-02	6.523428e-02	2.269438	2	5.212849e-01	0.000000e+00	1.201212e-07	0.000000e+00	0.000000e+00	0.000000e+00	0.000000e+00	4.787150e-01	0.000000e+00	0.000000e+00	
6.197252e-02	6.197252e-02	2.281297	2	5.232507e-01	0.000000e+00	5.771702e-09	0.000000e+00	0.000000e+00	0.000000e+00	0.000000e+00	4.767493e-01	0.000000e+00	0.000000e+00	
5.887389e-02	5.887389e-02	2.292773	2	5.253194e-01	1.080741e-68	2.365438e-12	2.653558e-122	7.898721e-42	6.395702e-75	2.029645e-91	4.746806e-01	3.596589e-29	2.581282e-39	
5.593020e-02	5.593020e-02	2.303869	2	5.274968e-01	1.002417e-53	1.342598e-11	1.868333e-95	2.520634e-33	1.662944e-58	5.433083e-71	4.725032e-01	8.224720e-24	1.853956e-31	
5.313369e-02	5.313369e-02	2.314593	2	5.297883e-01	3.756282e-48	1.206198e-11	7.070922e-80	5.162664e-30	2.322994e-52	2.109083e-63	4.702117e-01	7.623209e-22	2.281186e-28	
5.047701e-02	5.047701e-02	2.324949	2	5.322001e-01	1.266155e-45	2.106018e-12	1.029589e-76	3.685613e-29	1.839272e-49	2.942802e-59	4.677999e-01	1.066224e-21	1.146076e-27	
4.795316e-02	4.795316e-02	2.334945	2	5.347387e-01	2.054360e-49	1.114315e-15	2.047126e-78	1.067944e-34	5.571867e-53	6.448204e-63	4.652613e-01	2.490773e-25	1.860777e-31	
4.555550e-02	4.555550e-02	2.344586	2	5.374105e-01	1.684969e-47	5.994313e-16	1.571818e-75	8.158738e-32	4.191994e-51	1.677555e-60	4.625895e-01	1.040297e-24	2.132865e-30	
4.327772e-02	4.327772e-02	2.353881	2	5.402226e-01	6.214906e-53	4.032047e-16	0.000000e+00	7.184916e-31	0.000000e+00	0.000000e+00	4.597774e-01	3.545673e-24	1.746668e-29	
4.111384e-02	4.111384e-02	2.362836	2	5.431825e-01	4.574288e-44	5.052648e-17	8.080769e-68	8.563643e-31	5.375441e-47	3.145230e-56	4.568175e-01	1.033654e-24	1.522766e-29	
3.905814e-02	3.905814e-02	2.371458	2	5.462979e-01	2.208297e-36	1.258417e-13	0.000000e+00	1.593159e-24	3.738264e-39	8.956432e-50	4.537021e-01	9.635166e-20	1.273000e-23	
3.710524e-02	3.710524e-02	2.379757	2	5.495770e-01	2.702995e-35	7.417387e-14	3.232811e-56	2.981259e-24	6.351748e-38	7.414727e-45	4.504230e-01	1.809018e-19	2.614877e-23	
3.524998e-02	3.524998e-02	2.387740	2	5.530284e-01	0.000000e+00	0.000000e+00	0.000000e+00	0.000000e+00	0.000000e+00	0.000000e+00	4.469716e-01	0.000000e+00	0.000000e+00	
3.348748e-02	3.348748e-02	2.395414	2	5.566612e-01	8.925333e-55	2.366855e-29	0.000000e+00	1.466346e-35	0.000000e+00	0.000000e+00	4.433388e-01	9.283640e-30	2.040173e-34	
3.181310e-02	3.181310e-02	2.402789	2	5.604850e-01	4.232981e-34	8.035741e-15	9.455728e-51	9.237132e-25	2.850030e-36	5.947889e-42	4.395150e-01	1.814189e-20	6.847063e-24	
3.022245e-02	3.022245e-02	2.409873	2	5.645098e-01	2.560774e-41	6.538727e-26	4.768806e-59	1.099756e-30	1.471924e-43	1.530232e-49	4.354902e-01	1.231123e-25	1.132600e-29	
2.871133e-02	2.871133e-02	2.416673	2	5.687462e-01	3.500971e-36	7.713449e-18	2.385104e-48	1.288275e-27	4.763944e-38	1.153274e-42	4.312538e-01	1.265337e-23	8.206394e-27	
2.727576e-02	2.727576e-02	2.423199	2	5.732054e-01	7.690546e-35	2.415997e-15	7.824031e-50	2.159307e-26	6.585563e-37	1.533169e-42	4.267946e-01	4.041274e-22	3.480059e-25	
2.591197e-02	2.591197e-02	2.429459	2	5.778991e-01	6.723768e-33	2.761940e-15	9.051311e-50	8.525734e-24	4.239765e-35	2.867551e-41	4.221009e-01	7.917294e-20	6.159264e-23	
2.461637e-02	2.461637e-02	2.435461	2	5.828396e-01	8.061542e-34	1.938706e-15	8.090254e-48	2.795425e-24	3.814145e-36	1.252297e-42	4.171604e-01	3.390067e-20	1.813969e-23	
2.338555e-02	2.338555e-02	2.441214	2	5.880400e-01	3.731785e-36	1.281314e-16	3.124912e-51	2.335543e-26	2.603884e-38	7.814771e-44	4.119600e-01	1.098682e-21	2.414961e-25	
2.221628e-02	2.221628e-02	2.446726	2	5.935138e-01	7.628817e-44	7.181362e-21	3.375987e-62	4.376328e-32	1.427972e-46	6.050642e-54	4.064862e-01	2.366162e-27	5.015512e-31	
2.110546e-02	2.110546e-02	2.452004	2	5.992756e-01	0.000000e+00	0.000000e+00	0.000000e+00	0.000000e+00	0.000000e+00	0.000000e+00	4.007244e-01	0.000000e+00	0.000000e+00	
2.005019e-02	2.005019e-02	2.457058	2	6.053405e-01	0.000000e+00	0.000000e+00	0.000000e+00	0.000000e+00	0.000000e+00	0.000000e+00	3.946595e-01	0.000000e+00	0.000000e+00	
1.904768e-02	1.904768e-02	2.461894	2	6.117245e-01	1.644528e-46	6.538451e-22	2.102289e-69	8.896523e-34	1.628598e-49	1.961511e-57	3.882755e-01	3.260504e-28	1.334805e-32	
1.809530e-02	1.809530e-02	2.466521	2	6.184442e-01	1.628041e-52	3.901663e-24	0.000000e+00	6.655855e-37	9.541398e-60	0.000000e+00	3.815558e-01	1.072442e-30	1.308651e-35	
1.719053e-02	1.719053e-02	2.470947	2	6.255175e-01	1.855428e-50	2.645147e-23	3.101459e-74	2.726645e-36	8.218147e-54	7.203714e-63	3.744825e-01	4.170797e-30	5.506915e-35	
1.633100e-02	1.633100e-02	2.475179	2	6.329630e-01	2.837269e-51	1.619462e-23	8.855346e-77	9.283453e-37	1.069700e-54	1.138398e-63	3.670370e-01	1.981977e-30	2.035076e-35	
1.551445e-02	1.551445e-02	2.479224	2	6.408001e-01	2.530171e-52	3.144933e-24	7.318771e-77	7.204369e-38	1.124261e-55	1.828411e-64	3.591999e-01	2.316179e-31	1.701568e-36	
1.473873e-02	1.473873e-02	2.483089	2	6.490496e-01	1.771033e-60	1.510571e-25	1.049760e-84	9.790633e-42	6.814794e-65	3.492209e-75	3.509504e-01	8.119948e-34	4.904608e-40	
1.400180e-02	1.400180e-02	2.486782	2	6.577332e-01	6.684828e-58	9.400292e-26	1.092013e-84	6.355609e-41	5.834313e-62	2.105290e-72	3.422668e-01	1.368710e-33	2.334280e-39	
1.330171e-02	1.330171e-02	2.490308	2	6.668737e-01	6.261589e-67	5.637879e-28	2.650910e-95	5.521834e-46	7.001086e-72	5.370927e-83	3.331263e-01	3.889259e-37	4.446843e-44	
1.263662e-02	1.263662e-02	2.493676	2	6.764951e-01	6.093757e-68	2.432385e-28	9.252207e-97	1.165728e-46	5.691997e-73	2.124009e-84	3.235049e-01	1.169753e-37	1.015292e-44	
1.200479e-02	1.200479e-02	2.496891	2	6.866229e-01	1.471493e-71	1.475960e-29	6.996935e-104	6.172500e-49	6.692935e-77	1.006803e-89	3.133771e-01	2.172277e-39	7.103715e-47	
1.140455e-02	1.140455e-02	2.499960	2	6.972835e-01	1.197042e-75	8.242033e-31	1.169244e-109	2.101839e-51	2.156430e-81	2.354187e-95	3.027165e-01	3.179256e-41	3.344731e-49	
1.083432e-02	1.083432e-02	2.502888	2	7.085052e-01	2.248049e-79	3.995085e-32	4.627763e-114	9.143441e-54	1.673467e-85	1.954018e-100	2.914948e-01	4.666213e-43	1.897163e-51	
1.029261e-02	1.029261e-02	2.505681	2	7.203174e-01	4.327181e-82	4.214190e-33	3.112277e-119	1.380485e-55	2.317352e-88	1.208554e-103	2.796826e-01	1.864937e-44	3.546604e-53	
9.777976e-03	9.777976e-03	2.508345	2	7.327512e-01	7.322173e-89	2.941690e-35	7.319417e-129	9.903666e-60	7.639180e-96	7.667574e-113	2.672488e-01	1.392835e-47	4.261724e-57	
9.289077e-03	9.289077e-03	2.510886	2	7.458393e-01	3.415450e-94	5.802071e-37	1.056624e-136	4.286973e-63	1.334651e-101	5.539466e-120	2.541607e-01	4.180393e-50	2.816743e-60	
8.824623e-03	8.824623e-03	2.513309	2	7.596161e-01	2.541890e-97	4.013041e-38	1.482691e-144	3.758526e-65	5.744996e-105	1.866300e-124	2.403839e-01	1.023005e-51	3.090254e-62	
8.383392e-03	8.383392e-03	2.515619	2	7.741180e-01	5.615060e-88	9.314188e-38	8.195693e-135	3.104352e-61	2.249949e-94	2.579024e-111	2.258820e-01	8.881106e-50	8.990170e-59	
7.964222e-03	7.964222e-03	2.517820	2	7.893831e-01	1.194328e-85	2.423311e-38	3.139949e-135	9.165452e-61	1.273764e-91	1.047307e-107	2.106169e-01	6.154762e-50	1.883429e-58	
7.566011e-03	7.566011e-03	2.519918	2	8.054515e-01	8.400912e-91	7.568410e-41	2.984769e-146	1.389456e-64	3.881214e-97	1.592167e-114	1.945485e-01	3.749851e-53	3.813546e-62	
7.187711e-03	7.187711e-03	2.521917	2	8.223655e-01	4.196993e-103	2.571115e-48	2.077516e-164	1.649259e-74	5.391808e-110	5.883310e-129	1.776345e-01	6.031243e-62	7.763908e-72	
6.828325e-03	6.828325e-03	2.523822	2	8.401697e-01	3.567228e-110	4.284095e-51	3.681876e-177	2.517962e-79	1.276280e-117	3.754412e-138	1.598303e-01	8.869758e-66	1.918330e-76	
6.486909e-03	6.486909e-03	2.525636	2	8.589109e-01	1.334899e-119	5.832344e-55	3.538118e-194	7.456031e-86	9.152859e-128	2.245014e-150	1.410891e-01	4.939154e-71	1.058025e-82	
6.162563e-03	6.162563e-03	2.527364	2	8.786385e-01	1.204913e-132	3.240089e-60	1.106959e-215	8.154315e-95	8.390688e-142	3.265493e-167	1.213615e-01	3.279911e-78	2.765238e-91	
5.854435e-03	5.854435e-03	2.529010	2	8.994042e-01	1.551490e-150	5.893414e-68	2.883951e-247	2.118889e-107	5.491494e-161	4.315809e-190	1.005958e-01	1.807570e-88	2.237915e-103	
5.561713e-03	5.561713e-03	2.530577	2	9.212628e-01	6.343903e-179	1.972984e-80	7.231632e-296	1.695013e-127	2.144087e-191	3.531167e-226	7.873716e-02	6.469494e-105	1.059029e-122	
5.283628e-03	5.283628e-03	2.532070	2	9.442515e-01	0.000000e+00	0.000000e+00	0.000000e+00	0.000000e+00	0.000000e+00	0.000000e+00	5.574852e-02	0.000000e+00	0.000000e+00	
5.019446e-03	5.019446e-03	2.533490	2	9.684884e-01	0.000000e+00	0.000000e+00	0.000000e+00	0.000000e+00	0.000000e+00	0.000000e+00	3.151157e-02	0.000000e+00	0.000000e+00	
4.768474e-03	4.768474e-03	2.534839	2	9.940346e-01	0.000000e+00	0.000000e+00	0.000000e+00	0.000000e+00	0.000000e+00	0.000000e+00	5.965421e-03	0.000000e+00	0.000000e+00	
4.530050e-03	4.530050e-03	2.537183	1	1.000000e+00	0.000000e+00	0.000000e+00	0.000000e+00	0.000000e+00	0.000000e+00	0.000000e+00	1.687649e-10	0.000000e+00	0.000000e+00	
4.303548e-03	4.303548e-03	2.539720	1	1.000000e+00	0.000000e+00	0.000000e+00	0.000000e+00	0.000000e+00	0.000000e+00	0.000000e+00	7.371785e-10	0.000000e+00	0.000000e+00	
4.088370e-03	4.088370e-03	2.542138	1	1.000000e+00	7.792775e-207	1.449225e-92	0.000000e+00	6.434370e-145	0.000000e+00	0.000000e+00	5.998930e-09	1.055551e-119	1.551053e-139	
3.883952e-03	3.883952e-03	2.544444	1	1.000000e+00	1.075042e-178	8.721359e-86	2.075642e-287	1.849537e-130	1.162241e-190	9.792060e-224	2.912473e-11	4.625729e-109	7.270525e-126	
3.689754e-03	3.689754e-03	2.546642	1	1.000000e+00	1.762645e-142	4.197057e-66	4.743394e-234	2.738677e-102	3.687157e-152	1.205632e-179	2.815214e-09	1.072106e-84	1.902156e-98	
3.505267e-03	3.505267e-03	2.548736	1	1.000000e+00	1.757436e-132	8.571085e-63	2.472277e-214	4.860018e-96	1.863601e-141	4.244528e-166	4.961658e-10	4.929623e-80	1.233706e-92	
3.330003e-03	3.330003e-03	2.550732	1	1.000000e+00	2.884733e-125	2.651157e-60	3.999588e-202	1.464471e-91	1.788210e-134	7.823322e-156	2.859068e-11	2.233765e-76	4.274591e-88	
3.163503e-03	3.163503e-03	2.552633	1	1.000000e+00	0.000000e+00	0.000000e+00	0.000000e+00	0.000000e+00	0.000000e+00	0.000000e+00	1.128274e-12	0.000000e+00	0.000000e+00	
3.005328e-03	3.005328e-03	2.554444	1	1.000000e+00	1.349918e-117	1.348858e-58	1.540682e-186	9.126210e-87	1.427846e-125	1.350983e-147	7.591282e-13	2.993510e-73	5.909966e-84	
2.855062e-03	2.855062e-03	2.556169	1	1.000000e+00	6.712618e-105	1.495501e-51	3.808348e-165	6.484266e-77	6.844233e-112	3.123188e-130	2.096797e-11	1.037626e-64	2.688503e-74	
2.712308e-03	2.712309e-03	2.557812	1	1.000000e+00	1.288260e-94	3.447541e-47	2.097312e-149	2.182839e-69	8.202087e-101	6.304348e-117	3.029669e-11	1.421479e-58	2.758697e-67	
2.576693e-03	2.576693e-03	2.559376	1	1.000000e+00	1.966295e-90	3.697316e-44	5.014900e-145	4.200480e-66	3.593031e-96	1.464865e-112	1.825108e-10	1.627551e-55	7.988370e-64	
2.447858e-03	2.447858e-03	2.560865	1	1.000000e+00	1.760989e-81	1.176745e-39	8.332278e-132	2.210342e-59	5.995807e-87	5.571216e-102	1.289023e-09	1.181584e-49	2.507364e-57	
2.325465e-03	2.325466e-03	2.562283	1	1.000000e+00	3.998029e-78	4.106299e-38	4.115825e-127	5.413381e-57	3.792478e-83	1.829228e-97	7.827102e-10	7.014873e-48	5.141493e-55	
2.209192e-03	2.209192e-03	2.563633	1	1.000000e+00	2.031585e-76	4.278549e-38	2.062418e-121	3.832071e-56	2.345823e-81	4.436392e-95	1.965034e-12	2.174044e-47	2.891751e-54	
2.098733e-03	2.098733e-03	2.564917	1	1.000000e+00	4.147493e-72	1.407066e-35	3.891827e-115	1.017456e-52	7.526271e-77	4.927673e-90	2.175135e-12	2.146532e-44	6.315216e-51	
1.993796e-03	1.993796e-03	2.566140	1	1.000000e+00	1.211174e-66	7.263222e-32	1.078605e-107	4.017651e-48	3.426030e-71	8.082120e-84	2.276173e-10	3.455208e-40	2.099501e-46	
1.894106e-03	1.894106e-03	2.567304	1	1.000000e+00	9.218295e-64	1.392722e-30	7.672216e-103	4.345788e-46	4.211493e-68	3.866229e-80	1.250703e-09	1.596262e-38	1.875198e-44	
1.799401e-03	1.799401e-03	2.568411	1	1.000000e+00	3.061757e-63	1.529209e-30	7.678172e-102	7.907330e-46	1.619696e-67	2.066665e-79	5.247622e-10	2.320833e-38	3.320559e-44	
1.709431e-03	1.709431e-03	2.569464	1	1.000000e+00	7.336487e-61	1.740500e-29	8.053680e-98	3.874723e-44	5.727051e-65	2.324248e-76	1.258979e-09	5.443107e-37	1.352756e-42	
1.623959e-03	1.623959e-03	2.570466	1	1.000000e+00	2.374598e-59	9.945843e-29	4.989930e-95	5.057152e-43	2.283268e-63	1.582918e-74	2.327117e-09	4.754541e-36	1.640115e-41	
1.542761e-03	1.542761e-03	2.571420	1	1.000000e+00	1.917227e-58	1.962087e-28	3.566213e-95	2.031911e-42	2.157008e-62	2.027270e-73	1.991571e-09	1.373743e-35	6.178796e-41	
1.465623e-03	1.465623e-03	2.572327	1	1.000000e+00	6.277449e-57	1.162715e-27	1.461140e-93	2.608135e-41	8.872149e-61	1.683786e-71	3.548269e-09	1.196264e-34	7.291707e-40	
1.392342e-03	1.392342e-03	2.573190	1	1.000000e+00	1.981265e-55	4.206822e-27	7.876161e-89	2.562029e-40	3.752768e-59	1.751181e-69	3.715503e-09	7.227026e-34	6.425809e-39	
1.322725e-03	1.322725e-03	2.574010	1	1.000000e+00	2.313514e-54	1.162029e-26	1.370085e-86	1.190531e-39	6.128515e-58	8.354570e-68	4.742828e-09	2.602234e-33	2.824424e-38	
1.256589e-03	1.256589e-03	2.574791	1	1.000000e+00	6.921511e-54	1.857778e-26	9.375424e-86	2.397848e-39	1.968438e-57	3.255103e-67	5.628082e-09	4.623514e-33	5.535785e-38	
1.193759e-03	1.193759e-03	2.575533	1	1.000000e+00	2.267145e-52	7.924770e-26	1.077735e-83	2.646694e-38	8.441835e-56	2.492329e-65	7.065928e-09	3.187736e-32	5.507908e-37	
1.134071e-03	1.134071e-03	2.576239	1	1.000000e+00	4.139812e-51	2.770723e-25	6.958765e-81	2.170322e-37	1.783543e-54	8.127534e-64	7.971143e-09	1.728163e-31	4.147789e-36	
1.077368e-03	1.077368e-03	2.576910	1	1.000000e+00	5.161947e-51	3.555750e-25	1.855795e-81	2.897510e-37	2.214297e-54	1.069222e-63	8.331162e-09	2.317507e-31	5.565724e-36	
1.023499e-03	1.023499e-03	2.577549	1	1.000000e+00	6.352036e-50	9.574587e-25	5.602715e-81	1.447147e-36	3.424737e-53	2.502233e-62	1.080103e-08	8.389320e-31	2.578373e-35	
9.723244e-04	9.723244e-04	2.578156	1	1.000000e+00	5.236707e-49	1.638907e-24	3.195184e-78	4.752424e-36	3.705389e-52	6.619218e-61	1.083287e-08	1.969012e-30	7.896410e-35	
9.237082e-04	9.237082e-04	2.578733	1	1.000000e+00	2.587399e-49	2.879248e-24	1.258217e-78	6.549196e-36	1.285184e-52	9.107746e-62	1.314905e-08	3.262960e-30	1.145785e-34	
8.775228e-04	8.775228e-04	2.579282	1	1.000000e+00	1.715751e-47	7.904288e-24	9.667438e-76	5.455893e-35	1.612444e-50	5.590628e-59	1.429769e-08	1.486161e-29	8.270109e-34	
8.336466e-04	8.336466e-04	2.579803	1	1.000000e+00	6.204849e-47	1.659750e-23	8.622041e-75	1.455181e-34	6.224798e-50	2.989989e-58	1.624940e-08	3.593117e-29	2.170110e-33	
7.919643e-04	7.919643e-04	2.580299	1	1.000000e+00	1.572553e-46	2.605176e-23	3.507749e-74	3.022443e-34	1.722192e-49	9.841279e-58	1.847081e-08	6.564309e-29	4.397282e-33	
7.523661e-04	7.523661e-04	2.580771	1	1.000000e+00	5.401370e-46	4.042513e-23	7.691685e-74	6.204440e-34	6.461484e-49	4.025151e-57	2.113680e-08	1.148030e-28	8.645858e-33	
7.147478e-04	7.147478e-04	2.581219	1	1.000000e+00	4.220970e-45	1.088317e-22	1.068549e-72	3.006515e-33	5.217898e-48	3.914403e-56	2.104219e-08	4.233648e-28	3.956751e-32	
6.790104e-04	6.790104e-04	2.581645	1	1.000000e+00	9.825257e-45	1.623766e-22	2.479230e-72	5.021587e-33	1.379847e-47	1.568333e-55	2.358552e-08	6.664766e-28	6.468536e-32	
6.450599e-04	6.450599e-04	2.582050	1	1.000000e+00	9.541883e-44	3.604743e-22	1.612155e-70	2.294281e-32	1.620196e-46	2.841386e-54	2.497948e-08	2.151934e-27	2.784251e-31	
6.128069e-04	6.128069e-04	2.582435	1	1.000000e+00	3.449301e-43	5.446067e-22	6.221611e-69	4.088892e-32	7.408109e-46	2.158505e-53	3.368440e-08	3.448140e-27	4.756142e-31	
5.821665e-04	5.821665e-04	2.582801	1	1.000000e+00	2.127682e-42	8.516408e-22	1.391643e-67	9.879650e-32	5.360076e-45	2.393142e-52	2.834945e-08	6.608732e-27	1.089863e-30	
5.530582e-04	5.530582e-04	2.583149	1	1.000000e+00	4.791061e-42	1.038466e-21	9.277086e-68	1.180544e-31	1.241212e-44	6.198919e-52	4.320016e-08	7.179198e-27	1.235858e-30	
5.254053e-04	5.254053e-04	2.583479	1	1.000000e+00	5.218772e-41	2.081157e-21	1.957956e-66	4.596447e-31	1.790075e-43	1.657372e-50	3.910477e-08	1.927753e-26	4.360142e-30	
4.991350e-04	4.991350e-04	2.583793	1	1.000000e+00	8.001139e-41	3.369333e-21	3.617298e-65	7.906065e-31	2.722466e-43	3.267771e-50	4.347342e-08	3.521964e-26	7.818074e-30	
4.741783e-04	4.741783e-04	2.584092	1	9.999999e-01	1.366505e-42	4.523550e-21	0.000000e+00	5.978058e-31	8.032835e-46	1.804873e-59	5.157329e-08	4.202586e-26	6.803264e-30	
4.504694e-04	4.504694e-04	2.584376	1	1.000000e+00	0.000000e+00	0.000000e+00	0.000000e+00	0.000000e+00	0.000000e+00	0.000000e+00	0.000000e+00	0.000000e+00	0.000000e+00	
4.279459e-04	4.279459e-04	2.584646	1	1.000000e+00	0.000000e+00	0.000000e+00	0.000000e+00	0.000000e+00	0.000000e+00	0.000000e+00	0.000000e+00	0.000000e+00	0.000000e+00	
4.065486e-04	4.065486e-04	2.584902	1	9.999999e-01	4.073021e-39	8.546626e-21	7.444448e-63	5.634335e-30	1.716338e-41	3.416020e-48	8.451075e-08	7.441772e-26	3.823695e-29	
3.862212e-04	3.862212e-04	2.585146	1	9.999999e-01	3.906010e-40	1.733900e-20	1.683904e-64	7.958029e-30	1.184506e-42	8.333800e-50	9.117876e-08	2.784123e-25	7.733832e-29	
3.669101e-04	3.669101e-04	2.585377	1	9.999999e-01	8.213395e-39	4.861527e-20	4.989119e-62	5.212016e-29	3.425203e-41	6.035305e-48	7.838013e-08	1.198696e-24	4.621932e-28	
3.485646e-04	3.485646e-04	2.585597	1	9.999999e-01	4.008533e-45	2.635037e-20	0.000000e+00	2.028556e-30	3.755920e-52	0.000000e+00	1.146689e-07	2.492669e-25	2.816701e-29	
3.311364e-04	3.311364e-04	2.585806	1	9.999999e-01	5.763130e-39	1.034213e-19	3.329350e-62	1.224597e-28	1.554906e-41	1.021654e-48	1.177291e-07	2.873890e-24	1.113020e-27	
3.145796e-04	3.145796e-04	2.586005	1	9.999999e-01	5.205575e-39	1.184148e-19	1.495097e-62	1.266387e-28	1.353402e-41	8.366568e-49	1.490894e-07	3.130958e-24	1.165008e-27	
2.988506e-04	2.988506e-04	2.586194	1	1.000000e+00	0.000000e+00	0.000000e+00	0.000000e+00	0.000000e+00	0.000000e+00	0.000000e+00	0.000000e+00	0.000000e+00	0.000000e+00	
2.839081e-04	2.839081e-04	2.586373	1	9.999998e-01	3.065661e-37	1.983098e-19	1.200832e-59	8.205568e-30	2.326227e-39	1.700160e-45	1.856577e-07	3.747296e-24	4.128095e-28	
2.697127e-04	2.697127e-04	2.586544	1	9.999999e-01	2.680321e-37	4.762372e-19	2.351703e-59	1.566678e-27	1.025583e-39	2.166416e-46	1.345639e-07	2.215372e-23	1.277109e-26	
2.562270e-04	2.562270e-04	2.586706	1	9.999998e-01	5.524555e-36	6.584628e-19	6.512404e-57	3.017294e-27	3.769837e-38	2.852760e-44	1.666908e-07	3.164234e-23	2.220931e-26	
2.434157e-04	2.434157e-04	2.586859	1	9.999997e-01	9.411651e-37	1.003937e-18	3.796933e-59	4.081725e-27	3.896543e-39	9.840715e-46	2.505045e-07	5.164946e-23	3.245689e-26	
2.312449e-04	2.312449e-04	2.587006	1	9.999997e-01	1.402559e-38	8.342211e-19	0.000000e+00	1.417261e-27	1.156239e-41	1.273743e-53	2.856981e-07	3.088451e-23	1.296984e-26	
2.196826e-04	2.196826e-04	2.587145	1	9.999997e-01	9.153068e-41	1.573926e-18	0.000000e+00	1.460348e-27	4.250579e-46	0.000000e+00	2.843943e-07	5.187073e-23	1.547359e-26	
2.086985e-04	2.086985e-04	2.587277	1	9.999996e-01	4.266782e-36	2.100285e-18	2.389985e-59	1.231152e-26	1.881732e-38	5.009998e-45	3.580839e-07	1.295230e-22	9.403601e-26	
1.982636e-04	1.982636e-04	2.587402	1	9.999997e-01	3.198089e-35	4.789371e-18	2.199245e-57	5.040965e-26	1.650533e-37	6.243841e-44	3.427363e-07	4.005298e-22	3.629741e-25	
1.883504e-04	1.883504e-04	2.587521	1	9.999996e-01	6.932317e-35	6.895487e-18	2.145912e-57	8.731507e-26	3.709021e-37	1.612095e-43	3.987718e-07	6.322923e-22	6.161170e-25	
1.789329e-04	1.789329e-04	2.587635	1	9.999995e-01	1.879486e-34	1.011475e-17	1.533762e-55	1.664215e-25	1.103779e-36	5.910145e-43	4.522914e-07	1.052521e-21	1.139140e-24	
1.699862e-04	1.699862e-04	2.587742	1	9.999994e-01	2.247650e-34	1.221563e-17	1.776876e-55	1.990736e-25	1.319144e-36	7.151865e-43	5.671491e-07	1.263883e-21	1.363618e-24	
1.614869e-04	1.614869e-04	2.587845	1	9.999994e-01	3.087266e-34	1.470512e-17	1.386494e-55	2.552579e-25	1.827598e-36	1.021902e-42	6.386315e-07	1.570459e-21	1.736307e-24	
1.534126e-04	1.534126e-04	2.587942	1	9.999995e-01	2.191094e-33	2.972576e-17	2.837580e-54	9.438649e-25	1.480528e-35	1.163850e-41	5.258779e-07	4.341637e-21	6.039789e-24	
1.457420e-04	1.457420e-04	2.588034	1	9.999993e-01	2.579048e-33	3.907234e-17	3.934915e-54	1.188735e-24	1.745477e-35	1.327385e-41	7.362613e-07	5.591202e-21	7.648124e-24	
1.384549e-04	1.384549e-04	2.588122	1	9.999991e-01	1.680197e-33	3.701556e-17	6.662223e-54	9.381552e-25	1.070201e-35	7.764607e-42	8.987936e-07	4.824111e-21	6.149528e-24	
1.315321e-04	1.315321e-04	2.588205	1	9.999992e-01	1.717976e-32	8.292232e-17	1.532841e-51	4.170977e-24	1.395266e-34	1.996923e-40	7.845748e-07	1.528507e-20	2.541288e-23	
1.249555e-04	1.249555e-04	2.588284	1	9.999990e-01	3.095508e-32	1.115263e-16	7.893246e-52	6.343574e-24	2.588321e-34	3.955889e-40	9.511799e-07	2.182822e-20	3.812164e-23	
1.187077e-04	1.187077e-04	2.588360	1	9.999988e-01	3.598175e-32	1.374234e-16	8.061316e-52	7.593270e-24	2.998402e-34	4.489133e-40	1.248828e-06	2.649643e-20	4.576191e-23	
1.127723e-04	1.127723e-04	2.588431	1	9.999986e-01	3.785272e-32	1.500717e-16	7.855513e-52	8.127325e-24	3.139228e-34	4.594957e-40	1.421109e-06	2.864393e-20	4.907610e-23	
1.071337e-04	1.071337e-04	2.588499	1	9.999987e-01	2.694565e-31	3.263620e-16	2.164569e-50	3.138790e-23	2.562184e-33	5.510628e-39	1.319251e-06	8.379131e-20	1.787784e-22	
1.017770e-04	1.017770e-04	2.588563	1	9.999984e-01	4.034616e-31	4.217880e-16	6.838632e-50	4.381799e-23	3.949395e-33	8.728013e-39	1.562162e-06	1.125893e-19	2.476378e-22	
9.668819e-05	9.668819e-05	2.588625	1	9.999980e-01	9.471819e-39	3.072654e-16	0.000000e+00	3.118040e-24	0.000000e+00	0.000000e+00	2.002654e-06	3.555240e-20	2.616432e-23	
