1.000000e+02	1.000000e+02	0.241891	10	1.962850e-01	5.974974e-02	1.607742e-01	2.257472e-02	9.580061e-02	4.238068e-02	3.272843e-02	2.098462e-01	8.641277e-02	9.344765e-02	
9.500000e+01	9.500000e+01	0.247838	10	1.963894e-01	5.970020e-02	1.608087e-01	2.251171e-02	9.578120e-02	4.233557e-02	3.266986e-02	2.099530e-01	8.641416e-02	9.343619e-02	
9.025000e+01	9.025000e+01	0.253921	10	1.964970e-01	5.964912e-02	1.608443e-01	2.244684e-02	9.576119e-02	4.228907e-02	3.260954e-02	2.100630e-01	8.641559e-02	9.342435e-02	
8.573750e+01	8.573750e+01	0.260144	10	1.966078e-01	5.959645e-02	1.608809e-01	2.238003e-02	9.574057e-02	4.224114e-02	3.254741e-02	2.101764e-01	8.641707e-02	9.341213e-02	
8.145062e+01	8.145063e+01	0.266509	10	1.967222e-01	5.954212e-02	1.609186e-01	2.231122e-02	9.571932e-02	4.219173e-02	3.248343e-02	2.102933e-01	8.641859e-02	9.339951e-02	
7.737809e+01	7.737809e+01	0.273019	10	1.968400e-01	5.948608e-02	1.609575e-01	2.224036e-02	9.569741e-02	4.214078e-02	3.241751e-02	2.104138e-01	8.642015e-02	9.338648e-02	
7.350919e+01	7.350919e+01	0.279676	10	1.969616e-01	5.942827e-02	1.609975e-01	2.216736e-02	9.567483e-02	4.208825e-02	3.234960e-02	2.105379e-01	8.642175e-02	9.337301e-02	
6.983373e+01	6.983373e+01	0.286484	10	1.970869e-01	5.936863e-02	1.610387e-01	2.209215e-02	9.565155e-02	4.203408e-02	3.227964e-02	2.106659e-01	8.642340e-02	9.335909e-02	
6.634204e+01	6.634204e+01	0.293445	10	1.972162e-01	5.930708e-02	1.610811e-01	2.201467e-02	9.562755e-02	4.197821e-02	3.220754e-02	2.107978e-01	8.642510e-02	9.334470e-02	
6.302494e+01	6.302494e+01	0.300561	10	1.973495e-01	5.924357e-02	1.611249e-01	2.193484e-02	9.560280e-02	4.192058e-02	3.213324e-02	2.109339e-01	8.642685e-02	9.332984e-02	
5.987369e+01	5.987369e+01	0.307836	10	1.974871e-01	5.917802e-02	1.611699e-01	2.185256e-02	9.557727e-02	4.186113e-02	3.205667e-02	2.110742e-01	8.642865e-02	9.331447e-02	
5.688001e+01	5.688001e+01	0.315273	10	1.976291e-01	5.911035e-02	1.612164e-01	2.176777e-02	9.555094e-02	4.179979e-02	3.197774e-02	2.112189e-01	8.643050e-02	9.329858e-02	
5.403601e+01	5.403601e+01	0.322873	10	1.977755e-01	5.904049e-02	1.612643e-01	2.168038e-02	9.552377e-02	4.173649e-02	3.189637e-02	2.113681e-01	8.643240e-02	9.328215e-02	
5.133421e+01	5.133421e+01	0.330641	10	1.979267e-01	5.896835e-02	1.613136e-01	2.159029e-02	9.549575e-02	4.167117e-02	3.181248e-02	2.115221e-01	8.643436e-02	9.326516e-02	
4.876750e+01	4.876750e+01	0.338578	10	1.980828e-01	5.889386e-02	1.613645e-01	2.149741e-02	9.546683e-02	4.160375e-02	3.172598e-02	2.116809e-01	8.643637e-02	9.324758e-02	
4.632912e+01	4.632912e+01	0.346688	10	1.982439e-01	5.881693e-02	1.614169e-01	2.140165e-02	9.543699e-02	4.153415e-02	3.163678e-02	2.118449e-01	8.643845e-02	9.322940e-02	
4.401267e+01	4.401267e+01	0.354973	10	1.984102e-01	5.873746e-02	1.614710e-01	2.130289e-02	9.540619e-02	4.146230e-02	3.154479e-02	2.120140e-01	8.644059e-02	9.321058e-02	
4.181203e+01	4.181203e+01	0.363435	10	1.985819e-01	5.865535e-02	1.615268e-01	2.120105e-02	9.537440e-02	4.138810e-02	3.144989e-02	2.121886e-01	8.644279e-02	9.319111e-02	
3.972143e+01	3.972143e+01	0.372079	10	1.987593e-01	5.857052e-02	1.615843e-01	2.109600e-02	9.534158e-02	4.131148e-02	3.135200e-02	2.123688e-01	8.644505e-02	9.317096e-02	
3.773536e+01	3.773536e+01	0.380906	10	1.989425e-01	5.848285e-02	1.616437e-01	2.098763e-02	9.530769e-02	4.123234e-02	3.125099e-02	2.125548e-01	8.644738e-02	9.315010e-02	
3.584859e+01	3.584859e+01	0.389919	10	1.991318e-01	5.839224e-02	1.617049e-01	2.087582e-02	9.527269e-02	4.115059e-02	3.114677e-02	2.127470e-01	8.644978e-02	9.312850e-02	
3.405616e+01	3.405616e+01	0.399120	10	1.993273e-01	5.829857e-02	1.617680e-01	2.076045e-02	9.523654e-02	4.106613e-02	3.103920e-02	2.129453e-01	8.645226e-02	9.310614e-02	
3.235335e+01	3.235335e+01	0.408513	10	1.995294e-01	5.820173e-02	1.618332e-01	2.064139e-02	9.519920e-02	4.097886e-02	3.092818e-02	2.131502e-01	8.645480e-02	9.308297e-02	
3.073569e+01	3.073569e+01	0.418100	10	1.997383e-01	5.810158e-02	1.619005e-01	2.051851e-02	9.516062e-02	4.088866e-02	3.081357e-02	2.133619e-01	8.645743e-02	9.305898e-02	
2.919890e+01	2.919890e+01	0.427884	10	1.999541e-01	5.799801e-02	1.619699e-01	2.039165e-02	9.512076e-02	4.079543e-02	3.069523e-02	2.135806e-01	8.646013e-02	9.303412e-02	
2.773896e+01	2.773896e+01	0.437866	10	2.001773e-01	5.789088e-02	1.620416e-01	2.026068e-02	9.507957e-02	4.069905e-02	3.057304e-02	2.138066e-01	8.646292e-02	9.300835e-02	
2.635201e+01	2.635201e+01	0.448049	10	2.004081e-01	5.778004e-02	1.621156e-01	2.012545e-02	9.503699e-02	4.059939e-02	3.044684e-02	2.140401e-01	8.646579e-02	9.298165e-02	
2.503441e+01	2.503441e+01	0.458436	10	2.006468e-01	5.766536e-02	1.621920e-01	1.998578e-02	9.499297e-02	4.049634e-02	3.031649e-02	2.142815e-01	8.646874e-02	9.295397e-02	
2.378269e+01	2.378269e+01	0.469030	10	2.008937e-01	5.754666e-02	1.622710e-01	1.984152e-02	9.494746e-02	4.038975e-02	3.018182e-02	2.145310e-01	8.647179e-02	9.292528e-02	
2.259355e+01	2.259355e+01	0.479831	10	2.011491e-01	5.742381e-02	1.623525e-01	1.969249e-02	9.490039e-02	4.027948e-02	3.004268e-02	2.147891e-01	8.647494e-02	9.289552e-02	
2.146388e+01	2.146388e+01	0.490842	10	2.014134e-01	5.729661e-02	1.624368e-01	1.953851e-02	9.485171e-02	4.016539e-02	2.989888e-02	2.150559e-01	8.647818e-02	9.286465e-02	
2.039068e+01	2.039068e+01	0.502066	10	2.016869e-01	5.716491e-02	1.625238e-01	1.937938e-02	9.480135e-02	4.004733e-02	2.975026e-02	2.153319e-01	8.648152e-02	9.283263e-02	
1.937115e+01	1.937115e+01	0.513503	10	2.019700e-01	5.702851e-02	1.626138e-01	1.921492e-02	9.474925e-02	3.992513e-02	2.959661e-02	2.156175e-01	8.648497e-02	9.279941e-02	
1.840259e+01	1.840259e+01	0.525156	10	2.022630e-01	5.688723e-02	1.627068e-01	1.904490e-02	9.469533e-02	3.979863e-02	2.943776e-02	2.159129e-01	8.648852e-02	9.276493e-02	
1.748246e+01	1.748246e+01	0.537027	10	2.025665e-01	5.674085e-02	1.628029e-01	1.886912e-02	9.463952e-02	3.966765e-02	2.927348e-02	2.162186e-01	8.649219e-02	9.272915e-02	
1.660834e+01	1.660834e+01	0.549117	10	2.028808e-01	5.658917e-02	1.629023e-01	1.868734e-02	9.458175e-02	3.953201e-02	2.910356e-02	2.165351e-01	8.649597e-02	9.269200e-02	
1.577792e+01	1.577792e+01	0.561427	10	2.032063e-01	5.643197e-02	1.630051e-01	1.849933e-02	9.452193e-02	3.939152e-02	2.892779e-02	2.168627e-01	8.649988e-02	9.265342e-02	
1.498903e+01	1.498903e+01	0.573959	10	2.035436e-01	5.626900e-02	1.631115e-01	1.830484e-02	9.445998e-02	3.924597e-02	2.874592e-02	2.172019e-01	8.650391e-02	9.261336e-02	
1.423957e+01	1.423957e+01	0.586713	10	2.038931e-01	5.610004e-02	1.632215e-01	1.810360e-02	9.439582e-02	3.909516e-02	2.855771e-02	2.175532e-01	8.650807e-02	9.257174e-02	
1.352760e+01	1.352760e+01	0.599691	10	2.042554e-01	5.592482e-02	1.633353e-01	1.789536e-02	9.432934e-02	3.893886e-02	2.836290e-02	2.179171e-01	8.651237e-02	9.252850e-02	
1.285122e+01	1.285122e+01	0.612893	10	2.046309e-01	5.574308e-02	1.634532e-01	1.767981e-02	9.426046e-02	3.877684e-02	2.816122e-02	2.182942e-01	8.651680e-02	9.248357e-02	
1.220865e+01	1.220865e+01	0.626319	10	2.050202e-01	5.555453e-02	1.635751e-01	1.745665e-02	9.418907e-02	3.860886e-02	2.795239e-02	2.186849e-01	8.652138e-02	9.243686e-02	
1.159822e+01	1.159822e+01	0.639970	10	2.054240e-01	5.535888e-02	1.637014e-01	1.722559e-02	9.411506e-02	3.843467e-02	2.773611e-02	2.190898e-01	8.652611e-02	9.238831e-02	
1.101831e+01	1.101831e+01	0.653846	10	2.058428e-01	5.515583e-02	1.638322e-01	1.698628e-02	9.403833e-02	3.825399e-02	2.751206e-02	2.195096e-01	8.653100e-02	9.233783e-02	
1.046740e+01	1.046740e+01	0.667947	10	2.062774e-01	5.494504e-02	1.639677e-01	1.673839e-02	9.395875e-02	3.806655e-02	2.727993e-02	2.199449e-01	8.653606e-02	9.228533e-02	
9.944026e+00	9.944026e+00	0.682272	10	2.067283e-01	5.472618e-02	1.641080e-01	1.648154e-02	9.387621e-02	3.787205e-02	2.703937e-02	2.203963e-01	8.654128e-02	9.223071e-02	
9.446824e+00	9.446824e+00	0.696820	10	2.071963e-01	5.449889e-02	1.642534e-01	1.621537e-02	9.379058e-02	3.767019e-02	2.679003e-02	2.208646e-01	8.654668e-02	9.217389e-02	
8.974483e+00	8.974483e+00	0.711591	10	2.076822e-01	5.426279e-02	1.644042e-01	1.593947e-02	9.370172e-02	3.746064e-02	2.653151e-02	2.213505e-01	8.655226e-02	9.211475e-02	
8.525759e+00	8.525759e+00	0.726583	10	2.081867e-01	5.401749e-02	1.645604e-01	1.565343e-02	9.360948e-02	3.724306e-02	2.626344e-02	2.218547e-01	8.655803e-02	9.205320e-02	
8.099471e+00	8.099471e+00	0.741795	10	2.087107e-01	5.376259e-02	1.647224e-01	1.535681e-02	9.351373e-02	3.701710e-02	2.598540e-02	2.223781e-01	8.656400e-02	9.198912e-02	
7.694498e+00	7.694498e+00	0.757225	10	2.092550e-01	5.349763e-02	1.648905e-01	1.504914e-02	9.341430e-02	3.678237e-02	2.569694e-02	2.229215e-01	8.657018e-02	9.192240e-02	
7.309773e+00	7.309773e+00	0.772870	10	2.098207e-01	5.322217e-02	1.650648e-01	1.472995e-02	9.331103e-02	3.653849e-02	2.539762e-02	2.234858e-01	8.657658e-02	9.185290e-02	
6.944284e+00	6.944284e+00	0.788728	10	2.104085e-01	5.293573e-02	1.652457e-01	1.439873e-02	9.320375e-02	3.628505e-02	2.508696e-02	2.240719e-01	8.658320e-02	9.178051e-02	
6.597070e+00	6.597070e+00	0.804796	10	2.110196e-01	5.263780e-02	1.654334e-01	1.405494e-02	9.309227e-02	3.602159e-02	2.476444e-02	2.246809e-01	8.659005e-02	9.170508e-02	
6.267216e+00	6.267216e+00	0.821071	10	2.116549e-01	5.232785e-02	1.656283e-01	1.369802e-02	9.297641e-02	3.574768e-02	2.442953e-02	2.253137e-01	8.659715e-02	9.162647e-02	
5.953856e+00	5.953856e+00	0.837550	10	2.123157e-01	5.200532e-02	1.658306e-01	1.332739e-02	9.285596e-02	3.546282e-02	2.408169e-02	2.259715e-01	8.660450e-02	9.154452e-02	
5.656163e+00	5.656163e+00	0.854227	10	2.130031e-01	5.166963e-02	1.660407e-01	1.294242e-02	9.273072e-02	3.516652e-02	2.372032e-02	2.266554e-01	8.661211e-02	9.145909e-02	
5.373355e+00	5.373355e+00	0.871099	10	2.137183e-01	5.132016e-02	1.662591e-01	1.254246e-02	9.260045e-02	3.485824e-02	2.334481e-02	2.273665e-01	8.662001e-02	9.137000e-02	
5.104687e+00	5.104687e+00	0.888161	10	2.144627e-01	5.095627e-02	1.664859e-01	1.212684e-02	9.246494e-02	3.453741e-02	2.295451e-02	2.281062e-01	8.662819e-02	9.127707e-02	
4.849453e+00	4.849453e+00	0.905407	10	2.152375e-01	5.057726e-02	1.667217e-01	1.169481e-02	9.232393e-02	3.420346e-02	2.254873e-02	2.288758e-01	8.663668e-02	9.118013e-02	
4.606980e+00	4.606980e+00	0.922832	10	2.160443e-01	5.018243e-02	1.669668e-01	1.124564e-02	9.217717e-02	3.385576e-02	2.212676e-02	2.296767e-01	8.664548e-02	9.107897e-02	
4.376631e+00	4.376631e+00	0.940431	10	2.168845e-01	4.977101e-02	1.672217e-01	1.077852e-02	9.202437e-02	3.349366e-02	2.168784e-02	2.305104e-01	8.665461e-02	9.097339e-02	
4.157799e+00	4.157799e+00	0.958195	10	2.177598e-01	4.934220e-02	1.674868e-01	1.029261e-02	9.186527e-02	3.311647e-02	2.123117e-02	2.313784e-01	8.666408e-02	9.086318e-02	
3.949909e+00	3.949909e+00	0.976119	10	2.186719e-01	4.889518e-02	1.677626e-01	9.787017e-03	9.169955e-02	3.272348e-02	2.075593e-02	2.322824e-01	8.667392e-02	9.074810e-02	
3.752414e+00	3.752414e+00	0.994194	10	2.196224e-01	4.842905e-02	1.680496e-01	9.260977e-03	9.152689e-02	3.231391e-02	2.026121e-02	2.332240e-01	8.668411e-02	9.062791e-02	
3.564793e+00	3.564793e+00	1.012414	10	2.206133e-01	4.794290e-02	1.683484e-01	8.713036e-03	9.134699e-02	3.188698e-02	1.974612e-02	2.342051e-01	8.669473e-02	9.050239e-02	
3.386554e+00	3.386554e+00	1.030769	10	2.216465e-01	4.743573e-02	1.686596e-01	8.142624e-03	9.115946e-02	3.144183e-02	1.920964e-02	2.352276e-01	8.670575e-02	9.037123e-02	
3.217226e+00	3.217226e+00	1.049251	10	2.227242e-01	4.690652e-02	1.689836e-01	7.548511e-03	9.096394e-02	3.097757e-02	1.865077e-02	2.362936e-01	8.671720e-02	9.023418e-02	
3.056365e+00	3.056365e+00	1.067850	10	2.238484e-01	4.635419e-02	1.693211e-01	6.929536e-03	9.076005e-02	3.049328e-02	1.806840e-02	2.374050e-01	8.672910e-02	9.009093e-02	
2.903546e+00	2.903546e+00	1.086557	10	2.250214e-01	4.577758e-02	1.696729e-01	6.284437e-03	9.054737e-02	2.998795e-02	1.746141e-02	2.385643e-01	8.674148e-02	8.994119e-02	
2.758369e+00	2.758369e+00	1.105363	10	2.262458e-01	4.517550e-02	1.700395e-01	5.612093e-03	9.032546e-02	2.946056e-02	1.682857e-02	2.397736e-01	8.675435e-02	8.978460e-02	
2.620451e+00	2.620451e+00	1.124255	10	2.275240e-01	4.454667e-02	1.704217e-01	4.911018e-03	9.009387e-02	2.891000e-02	1.616862e-02	2.410355e-01	8.676774e-02	8.962084e-02	
2.489428e+00	2.489428e+00	1.143224	10	2.288587e-01	4.388975e-02	1.708204e-01	4.179842e-03	8.985213e-02	2.833513e-02	1.548023e-02	2.423527e-01	8.678168e-02	8.944954e-02	
2.364957e+00	2.364957e+00	1.162258	10	2.302527e-01	4.320334e-02	1.712362e-01	3.417131e-03	8.959971e-02	2.773472e-02	1.476197e-02	2.437278e-01	8.679618e-02	8.927032e-02	
2.246709e+00	2.246709e+00	1.181345	10	2.317091e-01	4.248595e-02	1.716700e-01	2.621132e-03	8.933610e-02	2.710750e-02	1.401236e-02	2.451638e-01	8.681129e-02	8.908278e-02	
2.134373e+00	2.134373e+00	1.200473	10	2.332309e-01	4.173601e-02	1.721229e-01	1.790366e-03	8.906071e-02	2.645210e-02	1.322982e-02	2.466637e-01	8.682703e-02	8.888650e-02	
2.027655e+00	2.027655e+00	1.219630	10	2.348215e-01	4.095186e-02	1.725956e-01	9.230232e-04	8.877297e-02	2.576711e-02	1.241271e-02	2.482308e-01	8.684343e-02	8.868101e-02	
1.926272e+00	1.926272e+00	1.238802	10	2.364856e-01	4.013209e-02	1.730901e-01	1.176039e-05	8.847276e-02	2.505124e-02	1.155943e-02	2.498696e-01	8.686100e-02	8.846638e-02	
1.829958e+00	1.829958e+00	1.258334	9	2.380308e-01	3.922059e-02	1.734503e-01	1.200893e-14	8.806854e-02	2.426514e-02	1.064077e-02	2.513745e-01	8.679650e-02	8.815284e-02	
1.738460e+00	1.738460e+00	1.277876	9	2.396442e-01	3.826648e-02	1.738245e-01	3.422997e-11	8.764488e-02	2.344273e-02	9.680705e-03	2.529449e-01	8.672801e-02	8.782357e-02	
1.651537e+00	1.651537e+00	1.297411	9	2.413320e-01	3.726830e-02	1.742154e-01	6.585939e-11	8.720197e-02	2.258264e-02	8.677481e-03	2.545869e-01	8.665641e-02	8.747892e-02	
1.568961e+00	1.568961e+00	1.316924	9	2.430978e-01	3.622379e-02	1.746239e-01	6.081561e-21	8.673882e-02	2.168294e-02	7.628896e-03	2.563042e-01	8.658154e-02	8.711812e-02	
1.490513e+00	1.490513e+00	1.336401	9	2.449457e-01	3.513056e-02	1.750509e-01	6.235259e-12	8.625441e-02	2.074160e-02	6.532629e-03	2.581007e-01	8.650325e-02	8.674032e-02	
1.415987e+00	1.415987e+00	1.355829	9	2.468800e-01	3.398610e-02	1.754973e-01	0.000000e+00	8.574763e-02	1.975648e-02	5.386230e-03	2.599803e-01	8.642135e-02	8.634464e-02	
1.345188e+00	1.345188e+00	1.375193	9	2.489051e-01	3.278776e-02	1.759641e-01	0.000000e+00	8.521734e-02	1.872530e-02	4.187115e-03	2.619475e-01	8.633565e-02	8.593017e-02	
1.277928e+00	1.277928e+00	1.394479	9	2.510257e-01	3.153274e-02	1.764524e-01	0.000000e+00	8.466230e-02	1.764568e-02	2.932560e-03	2.640068e-01	8.624597e-02	8.549592e-02	
1.214032e+00	1.214032e+00	1.413672	9	2.532468e-01	3.021809e-02	1.769633e-01	0.000000e+00	8.408126e-02	1.651512e-02	1.619652e-03	2.661628e-01	8.615209e-02	8.504087e-02	
1.153330e+00	1.153330e+00	1.432759	9	2.555735e-01	2.884071e-02	1.774980e-01	0.000000e+00	8.347282e-02	1.533094e-02	2.455100e-04	2.684207e-01	8.605378e-02	8.456393e-02	
1.095664e+00	1.095664e+00	1.452177	8	2.577547e-01	2.732838e-02	1.778529e-01	0.000000e+00	8.271836e-02	1.404271e-02	4.689498e-10	2.705115e-01	8.584285e-02	8.394856e-02	
1.040880e+00	1.040880e+00	1.471571	8	2.599849e-01	2.572885e-02	1.781803e-01	0.000000e+00	8.190301e-02	1.268294e-02	1.644227e-11	2.726425e-01	8.559874e-02	8.327880e-02	
9.888365e-01	9.888365e-01	1.490834	8	2.623223e-01	2.405253e-02	1.785230e-01	0.000000e+00	8.104900e-02	1.125826e-02	9.215389e-12	2.748750e-01	8.534309e-02	8.257680e-02	
9.393946e-01	9.393946e-01	1.509950	8	2.647725e-01	2.229540e-02	1.788818e-01	0.000000e+00	8.015431e-02	9.765257e-03	2.349848e-12	2.772146e-01	8.507531e-02	8.184087e-02	
8.924249e-01	8.924249e-01	1.528906	8	2.673414e-01	2.045324e-02	1.792575e-01	1.990821e-41	7.921680e-02	8.200358e-03	2.261162e-18	2.796667e-01	8.479476e-02	8.106923e-02	
8.478037e-01	8.478037e-01	1.547687	8	2.700353e-01	1.852156e-02	1.796512e-01	0.000000e+00	7.823422e-02	6.559786e-03	2.863668e-15	2.822372e-01	8.450076e-02	8.026001e-02	
8.054135e-01	8.054135e-01	1.566281	8	2.728607e-01	1.649566e-02	1.800636e-01	0.000000e+00	7.720421e-02	4.839559e-03	2.603891e-26	2.849325e-01	8.419261e-02	7.941123e-02	
7.651428e-01	7.651428e-01	1.584672	8	2.758245e-01	1.437059e-02	1.804958e-01	0.000000e+00	7.612427e-02	3.035482e-03	0.000000e+00	2.877590e-01	8.386956e-02	7.852080e-02	
7.268857e-01	7.268857e-01	1.602849	8	2.789342e-01	1.214110e-02	1.809488e-01	2.778829e-143	7.499176e-02	1.143133e-03	1.006235e-56	2.907237e-01	8.353083e-02	7.758653e-02	
6.905414e-01	6.905414e-01	1.621104	7	2.820071e-01	9.752167e-03	1.812731e-01	0.000000e+00	7.371846e-02	0.000000e+00	0.000000e+00	2.936309e-01	8.309650e-02	7.652183e-02	
6.560143e-01	6.560143e-01	1.639554	7	2.849608e-01	7.174992e-03	1.813984e-01	2.264286e-83	7.226128e-02	2.780350e-14	4.616359e-39	2.963916e-01	8.252837e-02	7.528458e-02	
6.232136e-01	6.232136e-01	1.657769	7	2.880607e-01	4.470586e-03	1.815296e-01	0.000000e+00	7.073272e-02	6.045839e-14	0.000000e+00	2.992879e-01	8.193242e-02	7.398617e-02	
5.920529e-01	5.920529e-01	1.675736	7	2.913143e-01	1.632223e-03	1.816669e-01	0.000000e+00	6.912901e-02	3.307848e-34	0.000000e+00	3.023270e-01	8.130719e-02	7.262337e-02	
5.624503e-01	5.624503e-01	1.693933	6	2.944059e-01	4.491778e-10	1.815547e-01	0.000000e+00	6.730163e-02	0.000000e+00	0.000000e+00	3.051707e-01	8.051703e-02	7.105009e-02	
5.343278e-01	5.343278e-01	1.712484	6	2.972391e-01	4.863434e-14	1.811110e-01	4.963439e-90	6.520043e-02	2.632166e-25	5.733841e-46	3.077149e-01	7.951741e-02	6.921724e-02	
5.076114e-01	5.076114e-01	1.730774	6	3.002132e-01	4.598202e-31	1.806449e-01	0.000000e+00	6.299554e-02	0.000000e+00	0.000000e+00	3.103847e-01	7.846843e-02	6.729331e-02	
4.822308e-01	4.822308e-01	1.748790	6	3.033357e-01	0.000000e+00	1.801551e-01	0.000000e+00	6.068147e-02	0.000000e+00	0.000000e+00	3.131867e-01	7.736748e-02	6.527349e-02	
4.581193e-01	4.581193e-01	1.766523	6	3.066145e-01	1.093517e-16	1.796405e-01	7.518845e-52	5.825243e-02	1.007841e-21	4.975245e-32	3.161280e-01	7.621180e-02	6.315269e-02	
4.352133e-01	4.352133e-01	1.783961	6	3.100579e-01	4.444676e-15	1.790997e-01	6.937776e-41	5.570233e-02	5.014360e-19	3.147500e-27	3.192160e-01	7.499848e-02	6.092556e-02	
4.134526e-01	4.134526e-01	1.801094	6	3.136746e-01	0.000000e+00	1.785313e-01	0.000000e+00	5.302473e-02	0.000000e+00	0.000000e+00	3.224585e-01	7.372447e-02	5.858646e-02	
3.927800e-01	3.927800e-01	1.817915	6	3.174737e-01	1.515564e-19	1.779339e-01	0.000000e+00	5.021287e-02	0.000000e+00	0.000000e+00	3.258636e-01	7.238655e-02	5.612946e-02	
3.731410e-01	3.731410e-01	1.834414	6	3.214650e-01	1.725233e-17	1.773059e-01	1.501308e-41	4.725961e-02	2.548186e-20	4.488114e-27	3.294400e-01	7.098131e-02	5.354830e-02	
3.544840e-01	3.544840e-01	1.850584	6	3.256586e-01	1.423686e-18	1.766457e-01	1.352096e-35	4.415745e-02	1.588884e-21	4.061602e-27	3.331967e-01	6.950519e-02	5.083638e-02	
3.367598e-01	3.367598e-01	1.866418	6	3.300653e-01	2.972006e-19	1.759515e-01	2.235372e-39	4.089847e-02	3.083140e-22	6.831038e-29	3.371435e-01	6.795443e-02	4.798677e-02	
3.199218e-01	3.199218e-01	1.881910	6	3.346964e-01	2.893512e-20	1.752217e-01	5.384124e-43	3.747433e-02	1.760255e-23	7.879428e-31	3.412903e-01	6.632504e-02	4.499216e-02	
3.039257e-01	3.039257e-01	1.897054	6	3.395638e-01	0.000000e+00	1.744544e-01	0.000000e+00	3.387626e-02	0.000000e+00	0.000000e+00	3.456479e-01	6.461285e-02	4.184484e-02	
2.887294e-01	2.887294e-01	1.911847	6	3.446801e-01	1.029152e-22	1.736474e-01	5.855772e-48	3.009501e-02	3.439914e-26	2.051782e-34	3.502273e-01	6.281346e-02	3.853671e-02	
2.742929e-01	2.742929e-01	1.926285	6	3.500584e-01	4.401217e-25	1.727988e-01	4.175943e-54	2.612083e-02	4.647986e-29	1.748925e-38	3.550405e-01	6.092225e-02	3.505923e-02	
2.605783e-01	2.605783e-01	1.940365	6	3.557128e-01	0.000000e+00	1.719063e-01	0.000000e+00	2.194344e-02	0.000000e+00	0.000000e+00	3.600998e-01	5.893432e-02	3.140341e-02	
2.475494e-01	2.475494e-01	1.954084	6	3.616577e-01	3.227723e-33	1.709676e-01	0.000000e+00	1.755217e-02	4.156606e-39	1.747706e-66	3.654182e-01	5.684452e-02	2.755976e-02	
2.351719e-01	2.351719e-01	1.967442	6	3.679086e-01	0.000000e+00	1.699801e-01	0.000000e+00	1.293601e-02	0.000000e+00	0.000000e+00	3.710096e-01	5.464741e-02	2.351827e-02	
2.234133e-01	2.234133e-01	1.980433	6	3.744865e-01	0.000000e+00	1.689451e-01	0.000000e+00	8.065198e-03	0.000000e+00	0.000000e+00	3.768934e-01	5.233923e-02	1.927062e-02	
2.122426e-01	2.122426e-01	1.993071	6	3.813947e-01	0.000000e+00	1.678491e-01	0.000000e+00	2.978049e-03	0.000000e+00	0.000000e+00	3.830702e-01	4.990841e-02	1.479955e-02	
2.016305e-01	2.016305e-01	2.005973	5	3.880154e-01	0.000000e+00	1.661935e-01	0.000000e+00	0.000000e+00	0.000000e+00	0.000000e+00	3.888778e-01	4.709147e-02	9.821814e-03	
1.915490e-01	1.915490e-01	2.019312	5	3.941266e-01	0.000000e+00	1.637887e-01	0.000000e+00	0.000000e+00	0.000000e+00	0.000000e+00	3.940761e-01	4.378525e-02	4.223285e-03	
1.819715e-01	1.819715e-01	2.032750	4	4.000415e-01	1.543866e-132	1.608609e-01	0.000000e+00	1.077126e-27	1.097954e-152	1.444247e-208	3.989956e-01	4.010211e-02	6.450600e-10	
1.728730e-01	1.728730e-01	2.047035	4	4.048945e-01	0.000000e+00	1.567178e-01	0.000000e+00	3.233465e-12	0.000000e+00	0.000000e+00	4.027096e-01	3.567812e-02	5.314697e-09	
1.642293e-01	1.642293e-01	2.060942	4	4.099980e-01	6.416707e-48	1.523611e-01	2.610254e-96	1.984863e-17	6.502815e-54	1.515639e-70	4.066141e-01	3.102681e-02	3.254432e-13	
1.560178e-01	1.560178e-01	2.074470	4	4.153650e-01	5.811725e-46	1.477796e-01	0.000000e+00	3.185751e-18	7.678675e-66	0.000000e+00	4.107192e-01	2.613615e-02	6.240366e-15	
1.482169e-01	1.482170e-01	2.087619	4	4.210097e-01	2.624228e-36	1.429612e-01	1.536749e-70	1.215831e-15	1.000549e-40	1.458444e-51	4.150357e-01	2.099341e-02	4.466346e-13	
1.408061e-01	1.408061e-01	2.100390	4	4.269467e-01	3.312093e-55	1.378934e-01	0.000000e+00	9.331702e-23	2.124535e-72	0.000000e+00	4.195747e-01	1.558521e-02	2.057300e-19	
1.337658e-01	1.337658e-01	2.112786	4	4.331914e-01	0.000000e+00	1.325630e-01	0.000000e+00	0.000000e+00	0.000000e+00	0.000000e+00	4.243481e-01	9.897459e-03	0.000000e+00	
1.270775e-01	1.270775e-01	2.124807	4	4.397603e-01	2.178660e-117	1.269561e-01	8.211982e-257	3.465375e-48	2.834261e-132	3.690713e-172	4.293683e-01	3.915333e-03	2.063105e-40	
1.207236e-01	1.207236e-01	2.137064	3	4.458339e-01	8.368620e-140	1.204099e-01	3.115422e-297	2.086035e-60	6.601108e-157	7.451974e-203	4.337562e-01	2.586135e-09	1.642339e-51	
1.146875e-01	1.146875e-01	2.149966	3	4.507735e-01	3.477241e-72	1.124019e-01	3.605081e-141	1.472828e-35	3.728249e-80	4.132635e-103	4.368246e-01	2.160276e-12	1.751769e-31	
1.089531e-01	1.089531e-01	2.162484	3	4.559697e-01	0.000000e+00	1.039788e-01	0.000000e+00	0.000000e+00	0.000000e+00	0.000000e+00	4.400515e-01	3.097225e-14	0.000000e+00	
1.035054e-01	1.035054e-01	2.174621	3	4.614360e-01	0.000000e+00	9.511880e-02	0.000000e+00	0.000000e+00	0.000000e+00	0.000000e+00	4.434452e-01	1.105988e-14	0.000000e+00	
9.833015e-02	9.833015e-02	2.186381	3	4.671868e-01	0.000000e+00	8.579867e-02	0.000000e+00	0.000000e+00	0.000000e+00	0.000000e+00	4.470146e-01	1.914124e-14	0.000000e+00	
9.341365e-02	9.341365e-02	2.197767	3	4.732370e-01	0.000000e+00	7.599404e-02	0.000000e+00	0.000000e+00	0.000000e+00	0.000000e+00	4.507689e-01	0.000000e+00	0.000000e+00	
8.874296e-02	8.874296e-02	2.208784	3	4.796027e-01	3.052895e-39	6.567927e-02	0.000000e+00	6.101970e-24	4.448880e-43	4.196652e-59	4.547181e-01	4.920370e-15	3.543885e-22	
8.430581e-02	8.430581e-02	2.219437	3	4.863003e-01	5.779401e-49	5.482734e-02	1.127276e-89	6.132899e-29	1.815684e-53	2.518617e-65	4.588723e-01	2.078130e-18	7.483240e-27	
8.009052e-02	8.009052e-02	2.229730	3	4.933476e-01	0.000000e+00	4.340982e-02	0.000000e+00	0.000000e+00	0.000000e+00	0.000000e+00	4.632426e-01	4.911773e-32	0.000000e+00	
7.608600e-02	7.608600e-02	2.239670	3	5.007642e-01	0.000000e+00	3.139413e-02	0.000000e+00	0.000000e+00	0.000000e+00	0.000000e+00	4.678416e-01	0.000000e+00	0.000000e+00	
7.228170e-02	7.228170e-02	2.249264	3	5.085654e-01	0.000000e+00	1.875762e-02	0.000000e+00	0.000000e+00	0.000000e+00	0.000000e+00	4.726770e-01	0.000000e+00	0.000000e+00	
6.866761e-02	6.866761e-02	2.258516	3	5.167767e-01	0.000000e+00	5.456564e-03	0.000000e+00	0.000000e+00	0.000000e+00	0.000000e+00	4.777667e-01	0.000000e+00	0.000000e+00	
6.523423e-02	6.523426e-02	2.269438	2	5.212850e-01	0.000000e+00	4.578397e-08	0.000000e+00	0.000000e+00	0.000000e+00	0.000000e+00	4.787150e-01	0.000000e+00	0.000000e+00	
6.197252e-02	6.197252e-02	2.281297	2	5.232507e-01	4.726078e-92	1.189707e-12	4.559289e-168	1.713488e-55	2.270360e-100	3.432556e-123	4.767493e-01	1.354786e-37	7.624223e-52	
5.887389e-02	5.887390e-02	2.292773	2	5.253194e-01	0.000000e+00	1.644636e-09	0.000000e+00	0.000000e+00	0.000000e+00	0.000000e+00	4.746806e-01	0.000000e+00	0.000000e+00	
5.593020e-02	5.593020e-02	2.303869	2	5.274967e-01	6.894967e-61	5.429419e-14	2.301307e-100	2.043173e-38	5.192839e-66	7.225742e-80	4.725033e-01	6.908939e-28	2.320476e-36	
5.313369e-02	5.313369e-02	2.314593	2	5.297883e-01	1.702220e-53	1.884469e-13	4.038537e-90	3.604016e-34	5.362064e-58	1.064344e-69	4.702117e-01	4.883164e-25	2.883210e-32	
5.047701e-02	5.047701e-02	2.324949	2	5.322001e-01	2.383052e-53	1.606788e-12	0.000000e+00	4.581655e-29	0.000000e+00	0.000000e+00	4.677999e-01	1.847329e-21	2.101777e-27	
4.795316e-02	4.795316e-02	2.334945	2	5.347387e-01	4.067583e-42	2.659902e-12	3.418479e-70	2.246928e-27	1.723487e-45	2.640283e-54	4.652613e-01	1.681428e-20	5.980890e-26	
4.555550e-02	4.555550e-02	2.344586	2	5.374105e-01	2.828117e-46	2.845310e-14	1.889327e-74	2.886422e-30	5.399652e-50	9.384888e-60	4.625895e-01	5.683235e-23	1.009634e-28	
4.327772e-02	4.327772e-02	2.353881	2	5.402226e-01	6.147573e-44	2.386598e-15	1.112946e-71	4.329730e-30	4.045447e-47	3.084258e-55	4.597774e-01	2.066912e-23	1.102656e-28	
4.111384e-02	4.111384e-02	2.362836	2	5.431825e-01	5.394079e-38	1.592372e-13	6.788771e-60	1.881833e-25	7.120021e-41	1.277799e-48	4.568175e-01	5.300860e-20	2.579907e-24	
3.905814e-02	3.905814e-02	2.371458	2	5.462979e-01	5.863023e-37	8.550091e-14	0.000000e+00	2.964422e-25	7.368686e-40	1.018775e-49	4.537021e-01	5.084247e-20	4.154156e-24	
3.710524e-02	3.710524e-02	2.379757	2	5.495770e-01	0.000000e+00	0.000000e+00	0.000000e+00	0.000000e+00	0.000000e+00	0.000000e+00	4.504230e-01	0.000000e+00	0.000000e+00	
3.524998e-02	3.524998e-02	2.387740	2	5.530284e-01	3.059905e-34	8.304275e-14	4.315462e-55	7.969278e-24	1.018451e-36	2.821822e-43	4.469716e-01	3.412518e-19	7.801074e-23	
3.348748e-02	3.348748e-02	2.395414	2	5.566612e-01	1.225030e-33	1.894998e-14	1.320782e-50	2.338411e-24	8.908396e-36	3.411492e-41	4.433388e-01	3.551390e-20	1.851478e-23	
3.181310e-02	3.181310e-02	2.402789	2	5.604850e-01	1.253758e-34	5.347070e-16	2.235598e-51	1.271777e-26	1.537419e-36	1.601130e-41	4.395150e-01	1.921514e-22	5.808877e-26	
3.022245e-02	3.022245e-02	2.409873	2	5.645098e-01	1.404375e-39	7.473857e-18	2.341740e-59	1.041765e-28	4.346270e-42	1.955319e-48	4.354902e-01	1.090264e-23	1.222370e-27	
2.871133e-02	2.871133e-02	2.416673	2	5.687462e-01	3.184961e-36	3.208922e-16	1.022422e-51	4.389467e-27	2.067849e-38	4.159059e-44	4.312538e-01	9.955612e-23	5.392228e-26	
2.727576e-02	2.727576e-02	2.423199	2	5.732054e-01	7.771405e-31	1.551686e-14	5.758610e-42	3.130077e-23	1.634676e-32	9.824080e-37	4.267946e-01	1.119011e-19	1.834962e-22	
2.591197e-02	2.591197e-02	2.429459	2	5.778991e-01	2.502470e-32	7.211217e-15	1.010629e-47	2.248879e-23	2.604901e-34	2.969982e-40	4.221009e-01	2.490243e-19	2.237702e-22	
2.461637e-02	2.461637e-02	2.435461	2	5.828396e-01	1.417740e-35	3.900622e-16	2.095865e-52	1.437345e-25	5.869399e-38	1.253280e-44	4.171604e-01	3.643685e-21	1.116676e-24	
2.338555e-02	2.338555e-02	2.441214	2	5.880400e-01	2.516689e-35	4.063814e-16	2.585445e-49	9.046650e-26	1.910332e-37	7.458848e-43	4.119600e-01	3.172321e-21	8.061870e-25	
2.221628e-02	2.221628e-02	2.446726	2	5.935138e-01	3.204075e-44	5.135594e-21	1.828046e-66	2.232821e-32	5.267277e-47	2.447402e-54	4.064862e-01	4.288608e-27	3.231833e-31	
2.110546e-02	2.110546e-02	2.452004	2	5.992756e-01	9.807375e-45	1.853452e-21	0.000000e+00	9.596690e-33	9.143129e-48	5.413172e-61	4.007244e-01	1.727992e-27	1.256655e-31	
2.005019e-02	2.005019e-02	2.457058	2	6.053405e-01	4.386269e-46	7.209606e-22	2.283848e-70	1.116410e-33	5.145445e-49	9.319675e-57	3.946595e-01	3.671380e-28	1.729950e-32	
1.904768e-02	1.904768e-02	2.461894	2	6.117245e-01	5.870074e-48	2.580690e-22	1.990850e-71	1.094263e-34	4.256639e-51	2.349763e-59	3.882755e-01	8.744044e-29	2.013327e-33	
1.809530e-02	1.809530e-02	2.466521	2	6.184442e-01	0.000000e+00	3.986816e-21	0.000000e+00	3.067424e-44	0.000000e+00	0.000000e+00	3.815558e-01	2.554069e-28	2.822657e-36	
1.719053e-02	1.719053e-02	2.470947	2	6.255175e-01	3.595250e-50	3.407692e-23	1.490393e-73	3.949668e-36	1.716865e-53	4.456231e-63	3.744825e-01	6.030181e-30	8.479298e-35	
1.633100e-02	1.633100e-02	2.475179	2	6.329630e-01	1.914827e-52	4.584953e-24	1.778909e-78	1.262956e-37	5.801459e-56	3.458751e-65	3.670370e-01	4.078703e-31	3.197785e-36	
1.551445e-02	1.551445e-02	2.479224	2	6.408001e-01	7.217369e-54	1.152224e-24	1.777626e-78	8.030814e-39	2.360761e-57	2.054255e-66	3.591999e-01	4.957214e-32	2.310572e-37	
1.473873e-02	1.473873e-02	2.483089	2	6.490496e-01	7.155338e-62	4.704127e-26	1.360206e-86	1.123049e-42	2.407032e-66	1.129670e-76	3.509504e-01	1.597462e-34	6.669796e-41	
1.400180e-02	1.400180e-02	2.486782	2	6.577332e-01	5.767097e-59	2.379145e-26	1.248885e-86	9.140608e-42	4.835452e-63	1.049691e-73	3.422668e-01	2.649298e-34	3.757653e-40	
1.330171e-02	1.330171e-02	2.490308	2	6.668737e-01	8.829891e-66	2.361050e-27	1.783642e-93	3.694235e-45	1.203213e-70	6.696824e-82	3.331263e-01	2.132150e-36	2.987610e-43	
1.263662e-02	1.263662e-02	2.493676	2	6.764951e-01	4.037405e-69	8.559038e-29	1.023429e-98	1.812215e-47	3.047133e-74	5.434163e-86	3.235049e-01	2.827120e-38	1.814943e-45	
1.200479e-02	1.200479e-02	2.496891	2	6.866229e-01	2.763159e-71	1.885166e-29	7.338349e-102	7.883142e-49	1.528557e-76	1.134298e-88	3.133771e-01	2.866759e-39	9.525751e-47	
1.140455e-02	1.140455e-02	2.499960	2	6.972835e-01	9.295411e-75	1.207295e-30	3.933740e-108	5.705379e-51	2.158839e-80	5.030483e-94	3.027165e-01	6.333192e-41	8.805203e-49	
1.083432e-02	1.083432e-02	2.502888	2	7.085052e-01	3.286398e-79	6.143608e-32	5.119831e-114	1.343302e-53	2.396482e-85	5.971102e-101	2.914948e-01	7.332934e-43	2.949334e-51	
1.029261e-02	1.029261e-02	2.505681	2	7.203174e-01	2.105435e-83	2.755820e-33	8.362378e-121	2.980287e-56	7.855483e-90	1.869171e-105	2.796826e-01	7.494300e-45	9.129942e-54	
9.777976e-03	9.777976e-03	2.508345	2	7.327512e-01	2.715346e-87	9.779432e-35	1.505913e-126	9.233697e-59	3.889115e-94	8.340857e-111	2.672488e-01	7.865027e-47	3.684746e-56	
9.289077e-03	9.289077e-03	2.510886	2	7.458393e-01	1.271421e-92	1.936102e-36	2.310477e-134	3.978007e-62	6.875827e-100	1.011389e-117	2.541607e-01	2.358718e-49	2.422482e-59	
8.824623e-03	8.824623e-03	2.513309	2	7.596161e-01	6.070748e-98	2.561608e-38	3.354125e-146	1.571105e-65	1.156886e-105	2.245269e-125	2.403839e-01	5.451229e-52	1.406795e-62	
8.383392e-03	8.383392e-03	2.515619	2	7.741180e-01	5.648602e-88	9.342230e-38	8.100912e-135	3.007057e-61	2.264399e-94	2.513058e-111	2.258820e-01	8.916420e-50	9.026535e-59	
7.964222e-03	7.964222e-03	2.517820	2	7.893831e-01	1.215249e-85	2.435554e-38	3.321049e-135	8.960522e-61	1.296823e-91	1.050459e-107	2.106169e-01	6.202404e-50	1.908482e-58	
7.566011e-03	7.566011e-03	2.519918	2	8.054515e-01	2.458585e-94	1.398398e-43	2.559608e-150	8.420699e-68	1.002191e-100	3.255939e-118	1.945485e-01	3.729973e-56	2.615328e-65	
7.187711e-03	7.187711e-03	2.521917	2	8.223655e-01	4.085891e-103	2.544905e-48	2.050896e-164	1.571199e-74	5.233827e-110	5.645360e-129	1.776345e-01	5.947487e-62	7.634357e-72	
6.828325e-03	6.828325e-03	2.523822	2	8.401697e-01	3.773774e-110	4.373266e-51	3.641064e-177	2.530128e-79	1.381339e-117	3.931818e-138	1.598303e-01	9.111755e-66	1.982694e-76	
6.486909e-03	6.486909e-03	2.525636	2	8.589109e-01	1.378976e-119	5.910056e-55	3.749411e-194	7.398053e-86	9.438476e-128	2.363985e-150	1.410891e-01	5.024103e-71	1.076751e-82	
6.162563e-03	6.162563e-03	2.527364	2	8.786385e-01	1.208662e-132	3.242642e-60	1.125901e-215	7.948889e-95	8.372304e-142	3.283091e-167	1.213615e-01	3.283819e-78	2.769646e-91	
5.854435e-03	5.854435e-03	2.529010	2	8.994042e-01	1.530174e-150	5.861214e-68	3.068664e-247	2.048799e-107	5.407058e-161	4.225537e-190	1.005958e-01	1.794871e-88	2.215067e-103	
5.561713e-03	5.561713e-03	2.530577	2	9.212628e-01	6.291985e-179	1.969358e-80	5.998755e-296	1.647677e-127	2.124192e-191	3.468869e-226	7.873716e-02	6.451763e-105	1.055336e-122	
5.283628e-03	5.283628e-03	2.532069	2	9.442674e-01	0.000000e+00	0.000000e+00	0.000000e+00	0.000000e+00	0.000000e+00	0.000000e+00	5.573261e-02	0.000000e+00	0.000000e+00	
5.019446e-03	5.019446e-03	2.533490	2	9.684886e-01	0.000000e+00	0.000000e+00	0.000000e+00	0.000000e+00	0.000000e+00	0.000000e+00	3.151137e-02	0.000000e+00	0.000000e+00	
4.768474e-03	4.768474e-03	2.534839	2	9.940346e-01	0.000000e+00	0.000000e+00	0.000000e+00	0.000000e+00	0.000000e+00	0.000000e+00	5.965435e-03	0.000000e+00	0.000000e+00	
4.530050e-03	4.530050e-03	2.537183	1	1.000000e+00	0.000000e+00	0.000000e+00	0.000000e+00	0.000000e+00	0.000000e+00	0.000000e+00	8.523511e-10	0.000000e+00	0.000000e+00	
4.303548e-03	4.303548e-03	2.539720	1	1.000000e+00	0.000000e+00	0.000000e+00	0.000000e+00	0.000000e+00	0.000000e+00	0.000000e+00	0.000000e+00	0.000000e+00	0.000000e+00	
4.088370e-03	4.088371e-03	2.542138	1	1.000000e+00	5.342100e-195	3.079932e-89	0.000000e+00	1.290258e-139	1.707532e-210	0.000000e+00	1.398279e-08	2.499742e-115	2.354459e-134	
3.883952e-03	3.883952e-03	2.544444	1	1.000000e+00	4.752218e-177	1.654113e-83	2.269942e-287	2.322794e-128	1.799622e-189	1.197155e-222	2.201589e-10	7.554839e-107	9.961597e-124	
3.689754e-03	3.689754e-03	2.546642	1	1.000000e+00	9.028169e-151	5.401165e-72	3.916958e-244	9.944940e-110	1.090282e-160	2.633653e-188	1.973332e-10	1.309574e-91	6.609584e-106	
3.505267e-03	3.505267e-03	2.548736	1	1.000000e+00	2.125144e-129	4.642434e-60	1.022439e-211	5.724711e-93	2.177855e-138	3.052786e-163	1.649892e-09	4.853382e-77	1.451515e-89	
3.330003e-03	3.330003e-03	2.550732	1	1.000000e+00	7.206968e-124	3.803225e-59	1.252671e-202	5.669604e-90	5.384925e-132	2.083823e-155	2.406939e-10	3.863066e-75	8.498649e-87	
3.163503e-03	3.163503e-03	2.552633	1	1.000000e+00	0.000000e+00	0.000000e+00	0.000000e+00	0.000000e+00	0.000000e+00	0.000000e+00	4.384716e-12	0.000000e+00	0.000000e+00	
3.005328e-03	3.005328e-03	2.554444	1	1.000000e+00	1.963256e-105	3.368632e-50	1.853217e-172	1.745728e-76	1.253828e-112	3.352362e-132	5.469362e-10	9.467717e-64	9.519829e-74	
2.855062e-03	2.855062e-03	2.556169	1	1.000000e+00	2.087750e-110	9.701925e-56	2.073409e-171	8.770551e-82	1.118361e-117	4.226417e-136	2.803662e-13	2.752610e-69	4.313820e-79	
2.712308e-03	2.712309e-03	2.557812	1	1.000000e+00	1.445839e-94	1.070439e-45	6.883310e-147	1.402789e-68	1.001893e-100	1.889582e-116	1.832899e-10	8.912013e-58	5.094551e-67	
2.576693e-03	2.576693e-03	2.559376	1	1.000000e+00	1.170190e-83	1.882291e-40	6.141972e-136	7.520014e-61	1.981978e-89	6.786780e-105	2.096933e-09	6.073321e-51	8.351833e-59	
2.447858e-03	2.447858e-03	2.560865	1	1.000000e+00	1.289112e-87	3.656787e-43	3.820756e-140	3.025406e-64	3.079008e-93	4.670372e-109	1.044668e-10	4.139140e-54	4.665154e-62	
2.325465e-03	2.325465e-03	2.562283	1	1.000000e+00	2.194605e-82	1.026215e-41	1.305635e-129	5.686425e-61	1.404178e-87	5.690525e-102	1.006925e-15	1.210566e-51	5.884897e-59	
2.209192e-03	2.209192e-03	2.563633	1	1.000000e+00	6.819827e-77	1.232270e-38	8.587426e-122	1.164326e-56	8.199452e-82	1.601363e-95	2.285788e-12	6.838249e-48	8.813692e-55	
2.098733e-03	2.098733e-03	2.564917	1	1.000000e+00	1.938217e-74	1.919684e-37	1.319903e-117	7.182046e-55	3.328292e-79	1.890970e-92	3.768138e-13	1.994924e-46	4.717395e-53	
1.993796e-03	1.993796e-03	2.566140	1	1.000000e+00	1.124442e-66	6.794358e-32	9.979072e-108	3.733676e-48	3.128737e-71	7.619504e-84	1.720281e-10	3.175824e-40	1.950044e-46	
1.894106e-03	1.894106e-03	2.567304	1	1.000000e+00	9.709712e-64	1.531902e-30	5.014458e-103	4.691052e-46	4.392799e-68	3.773360e-80	1.377346e-09	1.722424e-38	2.043819e-44	
1.799401e-03	1.799401e-03	2.568411	1	1.000000e+00	5.836336e-63	2.976441e-30	1.296771e-101	1.563107e-45	3.055207e-67	3.961699e-79	1.134847e-09	4.426467e-38	6.477293e-44	
1.709431e-03	1.709431e-03	2.569464	1	1.000000e+00	9.903897e-61	2.359962e-29	1.053374e-97	5.219388e-44	7.749732e-65	3.090411e-76	1.616879e-09	7.453719e-37	1.840267e-42	
1.623959e-03	1.623959e-03	2.570466	1	1.000000e+00	1.869837e-59	8.760587e-29	1.751017e-96	4.288674e-43	1.738470e-63	1.045815e-74	2.136473e-09	4.143431e-36	1.393405e-41	
1.542761e-03	1.542761e-03	2.571420	1	1.000000e+00	3.384723e-58	3.392993e-28	7.795660e-95	3.513984e-42	3.758017e-62	3.596604e-73	2.865675e-09	2.356683e-35	1.058769e-40	
1.465623e-03	1.465623e-03	2.572327	1	1.000000e+00	6.111908e-57	1.128622e-27	8.919290e-94	2.537393e-41	8.583901e-61	1.633627e-71	3.476321e-09	1.167927e-34	7.061134e-40	
1.392342e-03	1.392342e-03	2.573190	1	1.000000e+00	2.171340e-55	4.596558e-27	8.776746e-89	2.798590e-40	4.130435e-59	1.906736e-69	3.934486e-09	7.940358e-34	7.094755e-39	
1.322725e-03	1.322725e-03	2.574010	1	1.000000e+00	4.997400e-54	1.537292e-26	4.654622e-86	1.956037e-39	1.424279e-57	2.298573e-67	4.614971e-09	3.848772e-33	4.558136e-38	
1.256589e-03	1.256589e-03	2.574791	1	1.000000e+00	1.957605e-53	2.645661e-26	3.585020e-85	4.594289e-39	6.116789e-57	1.268988e-66	5.937812e-09	7.603968e-33	1.032420e-37	
1.193759e-03	1.193759e-03	2.575533	1	1.000000e+00	7.470289e-53	5.171612e-26	2.876965e-84	1.273087e-38	2.520974e-56	6.074440e-66	6.431348e-09	1.798577e-32	2.756088e-37	
1.134071e-03	1.134071e-03	2.576239	1	1.000000e+00	3.461617e-51	2.311466e-25	5.392417e-81	1.807196e-37	1.495816e-54	6.831769e-64	7.161290e-09	1.447744e-31	3.460416e-36	
1.077368e-03	1.077368e-03	2.576910	1	1.000000e+00	3.019104e-51	3.248432e-25	8.119913e-82	2.144893e-37	1.225741e-54	5.082604e-64	9.001007e-09	1.911112e-31	4.237294e-36	
1.023499e-03	1.023499e-03	2.577549	1	1.000000e+00	5.343862e-50	8.007980e-25	5.741117e-81	1.204648e-36	2.900948e-53	2.105780e-62	9.763259e-09	7.005919e-31	2.163591e-35	
9.723244e-04	9.723244e-04	2.578156	1	1.000000e+00	6.108428e-49	1.875108e-24	4.380660e-78	5.476493e-36	4.339506e-52	7.827869e-61	1.166509e-08	2.267979e-30	9.127121e-35	
9.237082e-04	9.237082e-04	2.578733	1	1.000000e+00	5.491175e-51	3.113858e-24	0.000000e+00	4.087291e-36	3.766108e-55	6.242691e-71	1.302334e-08	3.050637e-30	8.025110e-35	
8.775228e-04	8.775228e-04	2.579282	1	1.000000e+00	2.062780e-47	9.047279e-24	1.110298e-75	6.240072e-35	1.823791e-50	6.061432e-59	1.541098e-08	1.704604e-29	9.471702e-34	
8.336466e-04	8.336466e-04	2.579803	1	1.000000e+00	6.934975e-47	1.861189e-23	1.120435e-74	1.627835e-34	7.036052e-50	3.302615e-58	1.735347e-08	4.059230e-29	2.428012e-33	
7.919643e-04	7.919643e-04	2.580299	1	1.000000e+00	1.700560e-46	2.862008e-23	4.038868e-74	3.313393e-34	1.850301e-49	1.082884e-57	1.945108e-08	7.209978e-29	4.806616e-33	
7.523661e-04	7.523661e-04	2.580771	1	1.000000e+00	5.309474e-46	3.935605e-23	4.810951e-74	6.003880e-34	6.142761e-49	3.801666e-57	2.094397e-08	1.113030e-28	8.403494e-33	
7.147478e-04	7.147478e-04	2.581219	1	1.000000e+00	4.183470e-45	1.081846e-22	3.958835e-73	2.988687e-33	5.222345e-48	3.901106e-56	2.097825e-08	4.208021e-28	3.941554e-32	
6.790104e-04	6.790104e-04	2.581645	1	1.000000e+00	2.186301e-55	6.238651e-23	0.000000e+00	5.456287e-35	0.000000e+00	0.000000e+00	2.769844e-08	7.050679e-29	1.302334e-33	
6.450599e-04	6.450599e-04	2.582050	1	1.000000e+00	9.182796e-44	3.504133e-22	2.052446e-70	2.220459e-32	1.598875e-46	2.678901e-54	2.455867e-08	2.087301e-27	2.685863e-31	
6.128069e-04	6.128069e-04	2.582435	1	1.000000e+00	3.272195e-43	5.254949e-22	5.959160e-69	3.910978e-32	7.024803e-46	2.137336e-53	3.312907e-08	3.313679e-27	4.589580e-31	
5.821665e-04	5.821665e-04	2.582801	1	1.000000e+00	2.408685e-42	9.340111e-22	1.442620e-67	1.103223e-31	6.113521e-45	2.929306e-52	3.002054e-08	7.345027e-27	1.220664e-30	
5.530582e-04	5.530582e-04	2.583149	1	1.000000e+00	4.704198e-42	1.035357e-21	6.144364e-69	1.183566e-31	1.293663e-44	5.990940e-52	4.331023e-08	7.192537e-27	1.240620e-30	
5.254053e-04	5.254053e-04	2.583479	1	1.000000e+00	0.000000e+00	0.000000e+00	0.000000e+00	0.000000e+00	0.000000e+00	0.000000e+00	1.874379e-11	0.000000e+00	0.000000e+00	
4.991350e-04	4.991350e-04	2.583793	1	1.000000e+00	7.843854e-41	3.316211e-21	4.011590e-65	7.743298e-31	2.667902e-43	3.187897e-50	4.290880e-08	3.477635e-26	7.598674e-30	
4.741783e-04	4.741783e-04	2.584092	1	9.999999e-01	5.368424e-41	4.786114e-21	1.374281e-66	1.245130e-30	1.493957e-43	9.668435e-51	5.943569e-08	5.549751e-26	1.257412e-29	
4.504694e-04	4.504694e-04	2.584376	1	1.000000e+00	0.000000e+00	0.000000e+00	0.000000e+00	0.000000e+00	0.000000e+00	0.000000e+00	0.000000e+00	0.000000e+00	0.000000e+00	
4.279459e-04	4.279459e-04	2.584646	1	9.999999e-01	3.063798e-39	1.089310e-20	2.218699e-63	5.382467e-30	1.379310e-41	2.773332e-48	6.742825e-08	1.310356e-25	4.181658e-29	
4.065486e-04	4.065486e-04	2.584902	1	9.999999e-01	4.326103e-39	1.265505e-20	7.803087e-63	6.465628e-30	1.962739e-41	3.905254e-48	8.528444e-08	1.420440e-25	4.884012e-29	
3.862212e-04	3.862212e-04	2.585146	1	9.999999e-01	3.933121e-40	1.817486e-20	1.161180e-64	8.298264e-30	1.215451e-42	8.351910e-50	9.386172e-08	2.917978e-25	8.108935e-29	
3.669101e-04	3.669101e-04	2.585377	1	9.999999e-01	8.109979e-39	4.780720e-20	4.685874e-62	5.134659e-29	3.384485e-41	5.987345e-48	7.758679e-08	1.182126e-24	4.556864e-28	
3.485646e-04	3.485646e-04	2.585597	1	9.999999e-01	4.104773e-45	2.570736e-20	0.000000e+00	1.973824e-30	1.726894e-51	0.000000e+00	1.133655e-07	2.427590e-25	2.744689e-29	
3.311364e-04	3.311364e-04	2.585806	1	9.999999e-01	5.681534e-39	1.018462e-19	3.489575e-62	1.205167e-28	1.534835e-41	9.915595e-49	1.165936e-07	2.828092e-24	1.097131e-27	
3.145796e-04	3.145796e-04	2.586005	1	9.999998e-01	5.339358e-39	1.203326e-19	1.749857e-62	1.286265e-28	1.396047e-41	8.708756e-49	1.502627e-07	3.180950e-24	1.185123e-27	
2.988506e-04	2.988506e-04	2.586194	1	1.000000e+00	0.000000e+00	0.000000e+00	0.000000e+00	0.000000e+00	0.000000e+00	0.000000e+00	0.000000e+00	0.000000e+00	0.000000e+00	
2.839081e-04	2.839081e-04	2.586373	1	9.999998e-01	4.521057e-36	3.396118e-19	5.534980e-56	3.144767e-29	4.847454e-38	1.024701e-43	1.754836e-07	9.424588e-24	1.444271e-27	
2.697127e-04	2.697127e-04	2.586544	1	9.999999e-01	2.670649e-37	4.745376e-19	8.002083e-60	1.560094e-27	1.021470e-39	2.155640e-46	1.342986e-07	2.208989e-23	1.272879e-26	
2.562270e-04	2.562270e-04	2.586706	1	9.999998e-01	5.390175e-36	6.660433e-19	6.378696e-57	3.055789e-27	3.821309e-38	2.856131e-44	1.660336e-07	3.261889e-23	2.251751e-26	
2.434157e-04	2.434157e-04	2.586859	1	9.999998e-01	1.558704e-36	1.099351e-18	4.552192e-58	5.376125e-27	6.814067e-39	2.009768e-45	2.217230e-07	6.204235e-23	4.194735e-26	
2.312449e-04	2.312449e-04	2.587006	1	9.999997e-01	1.399735e-38	8.204038e-19	0.000000e+00	1.394756e-27	1.161853e-41	2.538699e-53	2.830281e-07	3.038519e-23	1.278156e-26	
2.196826e-04	2.196826e-04	2.587145	1	9.999997e-01	2.409367e-36	1.724860e-18	4.652455e-59	8.803954e-27	9.666996e-39	2.117669e-45	3.241298e-07	1.000820e-22	6.855315e-26	
2.086985e-04	2.086985e-04	2.587277	1	9.999996e-01	4.368831e-36	2.138937e-18	8.385894e-59	1.256349e-26	1.937755e-38	5.182765e-45	3.612047e-07	1.321167e-22	9.594015e-26	
1.982636e-04	1.982636e-04	2.587402	1	9.999997e-01	3.257162e-35	4.775230e-18	1.054010e-57	5.038760e-26	1.651270e-37	6.124362e-44	3.401198e-07	3.997884e-22	3.627885e-25	
1.883504e-04	1.883504e-04	2.587521	1	9.999996e-01	6.802842e-35	6.787805e-18	7.052990e-57	8.574891e-26	3.702793e-37	1.593977e-43	3.954954e-07	6.217801e-22	6.054744e-25	
1.789329e-04	1.789329e-04	2.587635	1	9.999995e-01	1.885819e-34	1.008898e-17	9.493234e-56	1.661174e-25	1.091033e-36	5.972242e-43	4.507146e-07	1.051130e-21	1.139071e-24	
1.699862e-04	1.699862e-04	2.587742	1	9.999994e-01	2.627246e-34	1.288007e-17	1.913214e-55	2.202485e-25	1.556726e-36	8.375509e-43	5.617313e-07	1.366120e-21	1.503606e-24	
1.614869e-04	1.614869e-04	2.587845	1	9.999994e-01	3.118377e-34	1.476206e-17	1.563673e-55	2.560329e-25	1.846292e-36	1.019171e-42	6.401988e-07	1.577397e-21	1.743855e-24	
1.534126e-04	1.534126e-04	2.587942	1	9.999995e-01	2.164539e-33	2.997232e-17	6.612879e-54	9.462427e-25	1.493075e-35	1.217743e-41	5.280789e-07	4.365506e-21	6.066668e-24	
1.457420e-04	1.457420e-04	2.588034	1	9.999993e-01	2.543309e-33	3.877268e-17	2.985525e-54	1.175848e-24	1.738278e-35	1.361303e-41	7.355318e-07	5.541769e-21	7.573075e-24	
1.384549e-04	1.384549e-04	2.588122	1	9.999991e-01	1.714912e-33	3.723366e-17	9.070559e-54	9.483106e-25	1.095337e-35	7.654303e-42	8.986498e-07	4.865037e-21	6.220467e-24	
1.315321e-04	1.315321e-04	2.588205	1	9.999992e-01	1.713277e-32	8.260745e-17	1.251127e-51	4.154295e-24	1.414073e-34	2.015192e-40	7.825944e-07	1.522659e-20	2.533242e-23	
1.249555e-04	1.249555e-04	2.588284	1	9.999991e-01	3.123694e-32	1.112021e-16	6.661703e-52	6.323420e-24	2.602876e-34	3.855782e-40	9.464895e-07	2.173650e-20	3.801253e-23	
1.187077e-04	1.187077e-04	2.588360	1	9.999988e-01	3.603739e-32	1.364342e-16	7.914434e-52	7.558045e-24	3.039038e-34	4.560392e-40	1.240491e-06	2.632191e-20	4.556863e-23	
1.127723e-04	1.127723e-04	2.588431	1	9.999986e-01	3.875580e-32	1.518225e-16	1.033565e-51	8.250531e-24	3.184696e-34	4.685719e-40	1.424896e-06	2.900516e-20	4.983132e-23	
1.071337e-04	1.071337e-04	2.588499	1	9.999987e-01	2.552905e-31	3.179284e-16	1.448560e-50	3.031835e-23	2.422688e-33	4.973425e-39	1.303010e-06	8.136849e-20	1.729549e-22	
1.017770e-04	1.017770e-04	2.588563	1	9.999984e-01	4.049116e-31	4.198854e-16	6.961531e-50	4.358714e-23	3.909607e-33	8.761001e-39	1.558220e-06	1.120172e-19	2.464306e-22	
9.668819e-05	9.668819e-05	2.588625	1	9.999981e-01	8.812511e-31	5.783396e-16	9.823969e-50	7.061492e-23	9.464523e-33	3.001827e-38	1.904640e-06	1.664925e-19	3.912178e-22	
