1.000000e+02	2.000000e+00	9.440211	1	1.000000e+00	0.000000e+00	0.000000e+00	0.000000e+00	0.000000e+00	0.000000e+00	0.000000e+00	0.000000e+00	0.000000e+00	0.000000e+00	
9.500000e+01	2.000000e+00	9.406315	1	1.000000e+00	0.000000e+00	0.000000e+00	0.000000e+00	0.000000e+00	0.000000e+00	0.000000e+00	0.000000e+00	0.000000e+00	0.000000e+00	
9.025000e+01	2.000000e+00	9.370310	1	1.000000e+00	0.000000e+00	0.000000e+00	0.000000e+00	0.000000e+00	0.000000e+00	0.000000e+00	0.000000e+00	0.000000e+00	0.000000e+00	
8.573750e+01	2.000000e+00	9.332073	1	1.000000e+00	0.000000e+00	0.000000e+00	0.000000e+00	0.000000e+00	0.000000e+00	0.000000e+00	0.000000e+00	0.000000e+00	0.000000e+00	
8.145062e+01	2.000000e+00	9.291476	1	1.000000e+00	0.000000e+00	0.000000e+00	8.601673e-16	0.000000e+00	0.000000e+00	0.000000e+00	0.000000e+00	0.000000e+00	0.000000e+00	
7.737809e+01	2.000000e+00	9.248389	1	1.000000e+00	0.000000e+00	0.000000e+00	0.000000e+00	0.000000e+00	0.000000e+00	0.000000e+00	0.000000e+00	0.000000e+00	0.000000e+00	
7.350919e+01	2.000000e+00	9.202678	1	1.000000e+00	0.000000e+00	0.000000e+00	0.000000e+00	0.000000e+00	0.000000e+00	0.000000e+00	0.000000e+00	0.000000e+00	0.000000e+00	
6.983373e+01	2.000000e+00	9.154205	1	1.000000e+00	0.000000e+00	0.000000e+00	0.000000e+00	0.000000e+00	0.000000e+00	0.000000e+00	0.000000e+00	0.000000e+00	0.000000e+00	
6.634204e+01	2.000000e+00	9.102832	1	1.000000e+00	0.000000e+00	0.000000e+00	1.876892e-25	0.000000e+00	0.000000e+00	0.000000e+00	0.000000e+00	0.000000e+00	0.000000e+00	
6.302494e+01	2.000000e+00	9.048416	1	1.000000e+00	0.000000e+00	0.000000e+00	2.117163e-16	0.000000e+00	0.000000e+00	0.000000e+00	0.000000e+00	0.000000e+00	0.000000e+00	
5.987369e+01	2.000000e+00	8.990819	1	1.000000e+00	0.000000e+00	0.000000e+00	5.889616e-17	0.000000e+00	0.000000e+00	0.000000e+00	0.000000e+00	0.000000e+00	0.000000e+00	
5.688001e+01	2.000000e+00	8.929900	1	1.000000e+00	0.000000e+00	0.000000e+00	1.950197e-16	0.000000e+00	0.000000e+00	0.000000e+00	0.000000e+00	0.000000e+00	0.000000e+00	
5.403601e+01	2.000000e+00	8.865522	1	1.000000e+00	0.000000e+00	0.000000e+00	3.925616e-16	0.000000e+00	0.000000e+00	0.000000e+00	0.000000e+00	0.000000e+00	0.000000e+00	
5.133421e+01	2.000000e+00	8.797553	1	1.000000e+00	0.000000e+00	0.000000e+00	4.408682e-17	0.000000e+00	0.000000e+00	8.606429e-21	0.000000e+00	0.000000e+00	0.000000e+00	
4.876750e+01	2.000000e+00	8.725865	1	1.000000e+00	0.000000e+00	0.000000e+00	2.768041e-16	0.000000e+00	0.000000e+00	0.000000e+00	0.000000e+00	0.000000e+00	0.000000e+00	
4.632912e+01	2.000000e+00	8.650338	1	1.000000e+00	0.000000e+00	0.000000e+00	6.905960e-18	0.000000e+00	0.000000e+00	0.000000e+00	0.000000e+00	0.000000e+00	0.000000e+00	
4.401267e+01	2.000000e+00	8.570861	1	1.000000e+00	0.000000e+00	0.000000e+00	3.282301e-17	0.000000e+00	0.000000e+00	0.000000e+00	0.000000e+00	0.000000e+00	0.000000e+00	
4.181203e+01	2.000000e+00	8.487336	1	1.000000e+00	0.000000e+00	0.000000e+00	5.676885e-17	0.000000e+00	0.000000e+00	1.860520e-20	0.000000e+00	0.000000e+00	0.000000e+00	
3.972143e+01	2.000000e+00	8.399678	1	1.000000e+00	0.000000e+00	0.000000e+00	6.104157e-17	0.000000e+00	0.000000e+00	2.091033e-20	0.000000e+00	0.000000e+00	0.000000e+00	
3.773536e+01	2.000000e+00	8.307816	1	1.000000e+00	0.000000e+00	0.000000e+00	2.572680e-55	0.000000e+00	0.000000e+00	0.000000e+00	0.000000e+00	0.000000e+00	0.000000e+00	
3.584859e+01	2.000000e+00	8.211699	1	1.000000e+00	0.000000e+00	0.000000e+00	2.142022e-16	0.000000e+00	0.000000e+00	0.000000e+00	0.000000e+00	0.000000e+00	0.000000e+00	
3.405616e+01	2.000000e+00	8.111294	1	1.000000e+00	0.000000e+00	0.000000e+00	3.079539e-37	0.000000e+00	0.000000e+00	0.000000e+00	0.000000e+00	0.000000e+00	0.000000e+00	
3.235335e+01	2.000000e+00	8.006591	1	1.000000e+00	0.000000e+00	0.000000e+00	2.406525e-30	0.000000e+00	0.000000e+00	0.000000e+00	0.000000e+00	0.000000e+00	0.000000e+00	
3.073569e+01	2.000000e+00	7.897602	1	1.000000e+00	0.000000e+00	0.000000e+00	1.858630e-27	0.000000e+00	0.000000e+00	0.000000e+00	0.000000e+00	0.000000e+00	0.000000e+00	
2.919890e+01	2.000000e+00	7.784366	1	1.000000e+00	0.000000e+00	0.000000e+00	6.866343e-16	0.000000e+00	0.000000e+00	0.000000e+00	1.023537e-16	0.000000e+00	0.000000e+00	
2.773896e+01	2.000000e+00	7.666944	1	1.000000e+00	0.000000e+00	0.000000e+00	1.882402e-62	0.000000e+00	0.000000e+00	0.000000e+00	1.131685e-68	0.000000e+00	0.000000e+00	
2.635201e+01	2.000000e+00	7.545428	1	1.000000e+00	0.000000e+00	0.000000e+00	2.318359e-36	0.000000e+00	0.000000e+00	0.000000e+00	2.658661e-42	0.000000e+00	0.000000e+00	
2.503441e+01	2.000000e+00	7.419935	1	1.000000e+00	0.000000e+00	0.000000e+00	0.000000e+00	0.000000e+00	0.000000e+00	0.000000e+00	2.567930e-30	0.000000e+00	0.000000e+00	
2.378269e+01	2.000000e+00	7.290609	1	1.000000e+00	0.000000e+00	0.000000e+00	0.000000e+00	0.000000e+00	0.000000e+00	0.000000e+00	0.000000e+00	0.000000e+00	0.000000e+00	
2.259355e+01	2.000000e+00	7.157621	1	1.000000e+00	0.000000e+00	0.000000e+00	0.000000e+00	0.000000e+00	0.000000e+00	0.000000e+00	0.000000e+00	0.000000e+00	0.000000e+00	
2.146388e+01	2.000000e+00	7.021170	1	1.000000e+00	0.000000e+00	0.000000e+00	0.000000e+00	0.000000e+00	0.000000e+00	0.000000e+00	0.000000e+00	0.000000e+00	0.000000e+00	
2.039068e+01	2.000000e+00	6.881475	1	1.000000e+00	0.000000e+00	0.000000e+00	0.000000e+00	0.000000e+00	0.000000e+00	0.000000e+00	2.954660e-19	0.000000e+00	0.000000e+00	
1.937115e+01	2.000000e+00	6.740015	2	9.988240e-01	0.000000e+00	0.000000e+00	0.000000e+00	0.000000e+00	0.000000e+00	0.000000e+00	1.175988e-03	0.000000e+00	0.000000e+00	
1.840259e+01	2.000000e+00	6.642652	2	9.548068e-01	0.000000e+00	0.000000e+00	0.000000e+00	0.000000e+00	0.000000e+00	0.000000e+00	4.519319e-02	0.000000e+00	0.000000e+00	
1.748246e+01	2.000000e+00	6.541997	2	9.148074e-01	0.000000e+00	0.000000e+00	0.000000e+00	0.000000e+00	0.000000e+00	0.000000e+00	8.519264e-02	0.000000e+00	0.000000e+00	
1.660834e+01	2.000000e+00	6.438123	2	8.784422e-01	0.000000e+00	0.000000e+00	7.947958e-54	0.000000e+00	0.000000e+00	0.000000e+00	1.215578e-01	0.000000e+00	0.000000e+00	
1.577792e+01	2.000000e+00	6.331127	2	8.453649e-01	0.000000e+00	0.000000e+00	1.496246e-18	0.000000e+00	0.000000e+00	0.000000e+00	1.546351e-01	0.000000e+00	0.000000e+00	
1.498903e+01	2.000000e+00	6.221121	2	8.152626e-01	0.000000e+00	0.000000e+00	5.387702e-55	0.000000e+00	0.000000e+00	6.544825e-61	1.847374e-01	1.188974e-68	0.000000e+00	
1.423957e+01	2.000000e+00	6.108240	2	7.878530e-01	0.000000e+00	0.000000e+00	2.072418e-15	0.000000e+00	0.000000e+00	2.288687e-15	2.121470e-01	0.000000e+00	0.000000e+00	
1.352760e+01	2.000000e+00	5.992637	2	7.628808e-01	0.000000e+00	0.000000e+00	0.000000e+00	0.000000e+00	0.000000e+00	3.100854e-72	2.371192e-01	0.000000e+00	0.000000e+00	
1.285122e+01	2.000000e+00	5.874483	2	7.401156e-01	0.000000e+00	0.000000e+00	4.223365e-19	0.000000e+00	0.000000e+00	1.830929e-18	2.598844e-01	4.596578e-18	0.000000e+00	
1.220865e+01	2.000000e+00	5.753968	2	7.193493e-01	0.000000e+00	0.000000e+00	0.000000e+00	0.000000e+00	0.000000e+00	0.000000e+00	2.806507e-01	3.855018e-26	0.000000e+00	
1.159822e+01	2.000000e+00	5.631295	2	7.003941e-01	0.000000e+00	0.000000e+00	0.000000e+00	0.000000e+00	0.000000e+00	0.000000e+00	2.996059e-01	1.088369e-59	0.000000e+00	
1.101831e+01	2.000000e+00	5.506683	2	6.830801e-01	0.000000e+00	0.000000e+00	0.000000e+00	0.000000e+00	0.000000e+00	0.000000e+00	3.169199e-01	0.000000e+00	0.000000e+00	
1.046740e+01	2.000000e+00	5.383533	3	6.653833e-01	0.000000e+00	0.000000e+00	0.000000e+00	0.000000e+00	0.000000e+00	0.000000e+00	3.309559e-01	3.660815e-03	0.000000e+00	
9.944026e+00	2.000000e+00	5.266435	3	6.448154e-01	0.000000e+00	0.000000e+00	0.000000e+00	0.000000e+00	0.000000e+00	0.000000e+00	3.395737e-01	1.561086e-02	0.000000e+00	
9.446824e+00	2.000000e+00	5.156691	4	6.210118e-01	0.000000e+00	0.000000e+00	0.000000e+00	1.162242e-02	0.000000e+00	3.400165e-63	3.426208e-01	2.474501e-02	0.000000e+00	
8.974483e+00	2.000000e+00	5.093444	4	5.738318e-01	0.000000e+00	0.000000e+00	0.000000e+00	8.168106e-02	0.000000e+00	0.000000e+00	3.208113e-01	2.367584e-02	0.000000e+00	
8.525759e+00	2.000000e+00	5.029032	4	5.306053e-01	0.000000e+00	0.000000e+00	0.000000e+00	1.461004e-01	0.000000e+00	0.000000e+00	3.006355e-01	2.265880e-02	0.000000e+00	
8.099471e+00	2.000000e+00	4.963492	4	4.909803e-01	0.000000e+00	0.000000e+00	0.000000e+00	2.053700e-01	0.000000e+00	0.000000e+00	2.819584e-01	2.169126e-02	0.000000e+00	
7.694498e+00	2.000000e+00	4.896863	4	4.546376e-01	0.000000e+00	0.000000e+00	0.000000e+00	2.599347e-01	0.000000e+00	0.000000e+00	2.646570e-01	2.077075e-02	0.000000e+00	
7.309773e+00	2.000000e+00	4.829187	4	4.212873e-01	0.000000e+00	0.000000e+00	0.000000e+00	3.101987e-01	0.000000e+00	0.000000e+00	2.486191e-01	1.989492e-02	0.000000e+00	
6.944284e+00	2.000000e+00	4.760508	4	3.906663e-01	0.000000e+00	0.000000e+00	0.000000e+00	3.565298e-01	0.000000e+00	0.000000e+00	2.337424e-01	1.906153e-02	0.000000e+00	
6.597070e+00	2.000000e+00	4.690875	4	3.625356e-01	0.000000e+00	0.000000e+00	0.000000e+00	3.992625e-01	0.000000e+00	0.000000e+00	2.199335e-01	1.826845e-02	0.000000e+00	
6.267216e+00	2.000000e+00	4.620338	4	3.366784e-01	8.600648e-98	2.875257e-41	7.329647e-63	4.387011e-01	8.756936e-75	1.723621e-52	2.071069e-01	1.751367e-02	1.010566e-62	
5.953856e+00	2.000000e+00	4.548948	4	3.128972e-01	0.000000e+00	0.000000e+00	0.000000e+00	4.751226e-01	0.000000e+00	0.000000e+00	1.951849e-01	1.679528e-02	0.000000e+00	
5.656163e+00	2.000000e+00	4.476759	4	2.910130e-01	0.000000e+00	0.000000e+00	0.000000e+00	5.087795e-01	0.000000e+00	0.000000e+00	1.840961e-01	1.611146e-02	0.000000e+00	
5.373355e+00	2.000000e+00	4.403830	4	2.708627e-01	0.000000e+00	1.323106e-13	0.000000e+00	5.399015e-01	0.000000e+00	0.000000e+00	1.737754e-01	1.546049e-02	0.000000e+00	
5.104687e+00	2.000000e+00	4.330216	4	2.522981e-01	0.000000e+00	6.133927e-23	0.000000e+00	5.686980e-01	0.000000e+00	0.000000e+00	1.641632e-01	1.484073e-02	0.000000e+00	
4.849453e+00	2.000000e+00	4.255979	4	2.351843e-01	0.000000e+00	6.707435e-18	0.000000e+00	5.953600e-01	0.000000e+00	0.000000e+00	1.552050e-01	1.425063e-02	0.000000e+00	
4.606980e+00	2.000000e+00	4.181179	4	2.193987e-01	0.000000e+00	6.716005e-36	0.000000e+00	6.200618e-01	0.000000e+00	0.000000e+00	1.468508e-01	1.368871e-02	0.000000e+00	
4.376631e+00	2.000000e+00	4.105879	4	2.048295e-01	0.000000e+00	6.047756e-15	0.000000e+00	6.429622e-01	0.000000e+00	0.000000e+00	1.390547e-01	1.315359e-02	0.000000e+00	
4.157799e+00	2.000000e+00	4.030143	5	1.913749e-01	1.059057e-39	2.332350e-03	0.000000e+00	6.618739e-01	0.000000e+00	4.913224e-46	1.317749e-01	1.264392e-02	0.000000e+00	
3.949909e+00	2.000000e+00	3.954035	5	1.789422e-01	0.000000e+00	4.566429e-03	0.000000e+00	6.793602e-01	0.000000e+00	0.000000e+00	1.249728e-01	1.215845e-02	0.000000e+00	
3.752414e+00	2.000000e+00	3.877620	5	1.674468e-01	0.000000e+00	6.534274e-03	0.000000e+00	6.957099e-01	0.000000e+00	0.000000e+00	1.186130e-01	1.169599e-02	0.000000e+00	
3.564793e+00	2.000000e+00	3.800963	5	1.568117e-01	0.000000e+00	8.263656e-03	0.000000e+00	7.110061e-01	0.000000e+00	0.000000e+00	1.126631e-01	1.125539e-02	0.000000e+00	
3.386554e+00	2.000000e+00	3.724131	5	1.469666e-01	0.000000e+00	9.779080e-03	0.000000e+00	7.253255e-01	0.000000e+00	0.000000e+00	1.070933e-01	1.083559e-02	0.000000e+00	
3.217226e+00	2.000000e+00	3.647189	5	1.378472e-01	0.000000e+00	1.110270e-02	0.000000e+00	7.387384e-01	0.000000e+00	0.000000e+00	1.018761e-01	1.043556e-02	0.000000e+00	
3.056365e+00	2.000000e+00	3.570202	5	1.293951e-01	0.000000e+00	1.225450e-02	0.000000e+00	7.513098e-01	0.000000e+00	0.000000e+00	9.698631e-02	1.005433e-02	0.000000e+00	
2.903546e+00	2.000000e+00	3.493238	5	1.215566e-01	0.000000e+00	1.325248e-02	0.000000e+00	7.630993e-01	0.000000e+00	0.000000e+00	9.240072e-02	9.690979e-03	0.000000e+00	
2.758369e+00	2.000000e+00	3.416359	5	1.142828e-01	3.255010e-61	1.411287e-02	1.567693e-73	7.741618e-01	1.319309e-58	7.713886e-58	8.809791e-02	9.344635e-03	4.347444e-42	
2.620451e+00	2.000000e+00	3.339630	5	1.075291e-01	0.000000e+00	1.485027e-02	0.000000e+00	7.845480e-01	0.000000e+00	0.000000e+00	8.405818e-02	9.014467e-03	0.000000e+00	
2.489428e+00	2.000000e+00	3.263116	5	1.012545e-01	0.000000e+00	1.547786e-02	0.000000e+00	7.943046e-01	0.000000e+00	0.000000e+00	8.026334e-02	8.699691e-03	0.000000e+00	
2.364957e+00	2.000000e+00	3.186877	5	9.542159e-02	5.603679e-91	1.600748e-02	7.906758e-114	8.034748e-01	2.700323e-89	5.714807e-91	7.669661e-02	8.399557e-03	9.519695e-63	
2.246709e+00	2.000000e+00	3.110977	5	8.999610e-02	1.291293e-77	1.644979e-02	1.279770e-100	8.120982e-01	2.222590e-76	4.566198e-79	7.334251e-02	8.113358e-03	1.904372e-54	
2.134373e+00	2.000000e+00	3.035473	5	8.494664e-02	0.000000e+00	1.681442e-02	0.000000e+00	8.202118e-01	0.000000e+00	0.000000e+00	7.018673e-02	7.840420e-03	0.000000e+00	
2.027655e+00	2.000000e+00	2.960426	5	8.024441e-02	0.000000e+00	1.711000e-02	0.000000e+00	8.278495e-01	0.000000e+00	0.000000e+00	6.721602e-02	7.580105e-03	1.171944e-15	
1.926272e+00	2.000000e+00	2.885892	5	7.586305e-02	1.364707e-63	1.734431e-02	0.000000e+00	8.350427e-01	0.000000e+00	0.000000e+00	6.441816e-02	7.331805e-03	7.276096e-28	
1.829958e+00	2.000000e+00	2.811926	5	7.177833e-02	2.272159e-53	1.752434e-02	7.746629e-75	8.418206e-01	7.293843e-54	4.972493e-58	6.178182e-02	7.094946e-03	9.254279e-27	
1.738460e+00	2.000000e+00	2.738582	5	6.796804e-02	7.932776e-80	1.765640e-02	0.000000e+00	8.482101e-01	0.000000e+00	0.000000e+00	5.929651e-02	6.868981e-03	2.447933e-38	
1.651537e+00	2.000000e+00	2.665912	5	6.441177e-02	0.000000e+00	1.774613e-02	0.000000e+00	8.542362e-01	0.000000e+00	0.000000e+00	5.695249e-02	6.653389e-03	3.173349e-17	
1.568961e+00	2.000000e+00	2.593966	5	6.109077e-02	0.000000e+00	1.779861e-02	0.000000e+00	8.599222e-01	0.000000e+00	0.000000e+00	5.474076e-02	6.447680e-03	8.765988e-13	
1.490513e+00	2.000000e+00	2.522791	5	5.798780e-02	0.000000e+00	1.781842e-02	0.000000e+00	8.652895e-01	0.000000e+00	0.000000e+00	5.265295e-02	6.251383e-03	1.527353e-20	
1.415987e+00	2.000000e+00	2.452433	5	5.508699e-02	0.000000e+00	1.780964e-02	0.000000e+00	8.703580e-01	0.000000e+00	0.000000e+00	5.068128e-02	6.064055e-03	2.400993e-14	
1.345188e+00	2.000000e+00	2.382936	5	5.237377e-02	2.021788e-96	1.777596e-02	0.000000e+00	8.751464e-01	5.253802e-107	0.000000e+00	4.881855e-02	5.885274e-03	3.831046e-31	
1.277928e+00	2.000000e+00	2.314341	5	4.983468e-02	0.000000e+00	1.772067e-02	0.000000e+00	8.796720e-01	0.000000e+00	0.000000e+00	4.705804e-02	5.714637e-03	7.349569e-29	
1.214032e+00	2.000000e+00	2.246688	5	4.745733e-02	0.000000e+00	1.764673e-02	0.000000e+00	8.839507e-01	0.000000e+00	0.000000e+00	4.539350e-02	5.551764e-03	3.128569e-19	
1.153330e+00	2.000000e+00	2.180012	6	4.523033e-02	4.132319e-116	1.755678e-02	2.067519e-276	8.876763e-01	1.436288e-131	8.365034e-176	4.381913e-02	5.396293e-03	3.211593e-04	
1.095664e+00	2.000000e+00	2.114349	6	4.314313e-02	0.000000e+00	1.745319e-02	0.000000e+00	8.911405e-01	0.000000e+00	0.000000e+00	4.232952e-02	5.247879e-03	6.857566e-04	
1.040880e+00	2.000000e+00	2.049730	6	4.118602e-02	0.000000e+00	1.733808e-02	0.000000e+00	8.944320e-01	0.000000e+00	0.000000e+00	4.091961e-02	5.106194e-03	1.018124e-03	
9.888365e-01	2.000000e+00	1.986186	6	3.935002e-02	6.090659e-60	1.721334e-02	4.285520e-115	8.975599e-01	1.445739e-68	3.400500e-87	3.958471e-02	4.970928e-03	1.321063e-03	
9.393946e-01	2.000000e+00	1.923743	6	3.762685e-02	4.440953e-60	1.708066e-02	0.000000e+00	9.005331e-01	0.000000e+00	0.000000e+00	3.832043e-02	4.841785e-03	1.597129e-03	
8.924249e-01	2.000000e+00	1.862428	6	3.600884e-02	0.000000e+00	1.694153e-02	0.000000e+00	9.033598e-01	0.000000e+00	0.000000e+00	3.712267e-02	4.718484e-03	1.848650e-03	
8.478037e-01	2.000000e+00	1.802262	6	3.448889e-02	1.707018e-34	1.679730e-02	2.596928e-73	9.060477e-01	2.975414e-40	1.278870e-53	3.598759e-02	4.600756e-03	2.077769e-03	
8.054135e-01	2.000000e+00	1.743266	6	3.306046e-02	0.000000e+00	1.664914e-02	0.000000e+00	9.086040e-01	0.000000e+00	0.000000e+00	3.491163e-02	4.488347e-03	2.286418e-03	
7.651428e-01	2.000000e+00	1.685458	6	3.171746e-02	0.000000e+00	1.649813e-02	0.000000e+00	9.110356e-01	0.000000e+00	0.000000e+00	3.389143e-02	4.381014e-03	2.476378e-03	
7.268857e-01	2.000000e+00	1.628855	6	3.045426e-02	0.000000e+00	1.634517e-02	0.000000e+00	9.133489e-01	0.000000e+00	0.000000e+00	3.292386e-02	4.278528e-03	2.649277e-03	
6.905414e-01	2.000000e+00	1.573468	6	2.926565e-02	0.000000e+00	1.619110e-02	0.000000e+00	9.155500e-01	0.000000e+00	0.000000e+00	3.200597e-02	4.180669e-03	2.806590e-03	
6.560143e-01	2.000000e+00	1.519311	6	2.814679e-02	2.336777e-27	1.603665e-02	0.000000e+00	9.176446e-01	1.350467e-32	5.339983e-50	3.113504e-02	4.087226e-03	2.949677e-03	
6.232136e-01	2.000000e+00	1.466390	6	2.709317e-02	0.000000e+00	1.588243e-02	0.000000e+00	9.196382e-01	0.000000e+00	0.000000e+00	3.030846e-02	3.998003e-03	3.079775e-03	
5.920529e-01	2.000000e+00	1.414715	6	2.610064e-02	1.947692e-26	1.572902e-02	0.000000e+00	9.215357e-01	1.549657e-31	2.197157e-46	2.952383e-02	3.912807e-03	3.198017e-03	
5.624503e-01	2.000000e+00	1.364289	6	2.516532e-02	0.000000e+00	1.557690e-02	0.000000e+00	9.233420e-01	0.000000e+00	0.000000e+00	2.877887e-02	3.831460e-03	3.305437e-03	
5.343278e-01	2.000000e+00	1.315115	6	2.428359e-02	0.000000e+00	1.542647e-02	0.000000e+00	9.250617e-01	0.000000e+00	0.000000e+00	2.807145e-02	3.753789e-03	3.402982e-03	
5.076114e-01	2.000000e+00	1.267194	6	2.345212e-02	0.000000e+00	1.527812e-02	0.000000e+00	9.266991e-01	0.000000e+00	0.000000e+00	2.739956e-02	3.679628e-03	3.491516e-03	
4.822308e-01	2.000000e+00	1.220524	6	2.266778e-02	0.000000e+00	1.513214e-02	0.000000e+00	9.282581e-01	0.000000e+00	0.000000e+00	2.676131e-02	3.608823e-03	3.571831e-03	
4.581193e-01	2.000000e+00	1.175103	6	2.192766e-02	0.000000e+00	1.498879e-02	0.000000e+00	9.297427e-01	0.000000e+00	0.000000e+00	2.615494e-02	3.541223e-03	3.644650e-03	
4.352133e-01	2.000000e+00	1.130926	6	2.122905e-02	0.000000e+00	1.484831e-02	0.000000e+00	9.311565e-01	0.000000e+00	0.000000e+00	2.557877e-02	3.476686e-03	3.710634e-03	
4.134526e-01	2.000000e+00	1.087986	6	2.056945e-02	1.433001e-56	1.471087e-02	9.607035e-100	9.325030e-01	5.132193e-66	9.716044e-80	2.503123e-02	3.415076e-03	3.770387e-03	
3.927800e-01	2.000000e+00	1.046275	6	1.994648e-02	4.915703e-44	1.457662e-02	0.000000e+00	9.337853e-01	1.311047e-57	0.000000e+00	2.451083e-02	3.356263e-03	3.824463e-03	
3.731410e-01	2.000000e+00	1.005783	6	1.935796e-02	0.000000e+00	1.444569e-02	0.000000e+00	9.350067e-01	0.000000e+00	0.000000e+00	2.401617e-02	3.300123e-03	3.873367e-03	
3.544840e-01	2.000000e+00	0.966498	6	1.880183e-02	0.000000e+00	1.431816e-02	0.000000e+00	9.361700e-01	0.000000e+00	0.000000e+00	2.354594e-02	3.246538e-03	3.917561e-03	
3.367598e-01	2.000000e+00	0.928409	6	1.827618e-02	0.000000e+00	1.419411e-02	0.000000e+00	9.372780e-01	0.000000e+00	0.000000e+00	2.309889e-02	3.195395e-03	3.957468e-03	
3.199218e-01	2.000000e+00	0.891500	6	1.777921e-02	1.249993e-19	1.407358e-02	3.231876e-45	9.383333e-01	2.350768e-24	2.824967e-33	2.267384e-02	3.146585e-03	3.993474e-03	
3.039257e-01	2.000000e+00	0.855757	6	1.730925e-02	0.000000e+00	1.395661e-02	0.000000e+00	9.393385e-01	0.000000e+00	0.000000e+00	2.226968e-02	3.100007e-03	4.025931e-03	
2.887294e-01	2.000000e+00	0.821162	6	1.686473e-02	0.000000e+00	1.384321e-02	0.000000e+00	9.402960e-01	0.000000e+00	0.000000e+00	2.188536e-02	3.055560e-03	4.055161e-03	
2.742929e-01	2.000000e+00	0.787699	6	1.644418e-02	0.000000e+00	1.373338e-02	0.000000e+00	9.412080e-01	0.000000e+00	0.000000e+00	2.151988e-02	3.013151e-03	4.081461e-03	
2.605783e-01	2.000000e+00	0.755349	6	1.604623e-02	5.216139e-18	1.362710e-02	0.000000e+00	9.420766e-01	0.000000e+00	0.000000e+00	2.117230e-02	2.972689e-03	4.105097e-03	
2.475494e-01	2.000000e+00	0.724092	6	1.566959e-02	8.681904e-56	1.352434e-02	4.394039e-103	9.429039e-01	5.431806e-66	3.351248e-81	2.084173e-02	2.934089e-03	4.126316e-03	
2.351719e-01	2.000000e+00	0.693907	6	1.531305e-02	3.099908e-16	1.342507e-02	0.000000e+00	9.436919e-01	0.000000e+00	0.000000e+00	2.052734e-02	2.897267e-03	4.145343e-03	
2.234133e-01	2.000000e+00	0.664774	6	1.497547e-02	1.961997e-16	1.332925e-02	0.000000e+00	9.444425e-01	0.000000e+00	0.000000e+00	2.022830e-02	2.862145e-03	4.162381e-03	
2.122426e-01	2.000000e+00	0.636671	6	1.465580e-02	0.000000e+00	1.323682e-02	0.000000e+00	9.451572e-01	0.000000e+00	0.000000e+00	1.994388e-02	2.828648e-03	4.177617e-03	
2.016305e-01	2.000000e+00	0.609576	6	1.435303e-02	2.859132e-16	1.314772e-02	1.004289e-47	9.458380e-01	7.389223e-22	7.365671e-32	1.967335e-02	2.796702e-03	4.191222e-03	
1.915490e-01	2.000000e+00	0.583465	6	1.406622e-02	9.018669e-31	1.306190e-02	0.000000e+00	9.464863e-01	1.336925e-57	0.000000e+00	1.941602e-02	2.766240e-03	4.203351e-03	
1.819715e-01	2.000000e+00	0.558316	6	1.379449e-02	7.113878e-41	1.297928e-02	0.000000e+00	9.471036e-01	0.000000e+00	0.000000e+00	1.917126e-02	2.737195e-03	4.214144e-03	
1.728730e-01	2.000000e+00	0.534105	6	1.353702e-02	9.431832e-35	1.289979e-02	0.000000e+00	9.476915e-01	3.431144e-54	0.000000e+00	1.893844e-02	2.709503e-03	4.223732e-03	
1.642293e-01	2.000000e+00	0.510807	6	1.329301e-02	0.000000e+00	1.282336e-02	0.000000e+00	9.482513e-01	0.000000e+00	0.000000e+00	1.871699e-02	2.683104e-03	4.232230e-03	
1.560178e-01	2.000000e+00	0.488400	6	1.306175e-02	2.672157e-40	1.274990e-02	0.000000e+00	9.487843e-01	0.000000e+00	0.000000e+00	1.850634e-02	2.657941e-03	4.239746e-03	
1.482169e-01	2.000000e+00	0.466858	6	1.284252e-02	0.000000e+00	1.267935e-02	0.000000e+00	9.492918e-01	0.000000e+00	0.000000e+00	1.830598e-02	2.633957e-03	4.246377e-03	
1.408061e-01	2.000000e+00	0.446157	6	1.263469e-02	6.454442e-22	1.261161e-02	0.000000e+00	9.497750e-01	0.000000e+00	0.000000e+00	1.811540e-02	2.611099e-03	4.252211e-03	
1.337658e-01	2.000000e+00	0.426273	6	1.243764e-02	4.457070e-21	1.254660e-02	0.000000e+00	9.502350e-01	0.000000e+00	0.000000e+00	1.793413e-02	2.589317e-03	4.257328e-03	
1.270775e-01	2.000000e+00	0.407183	6	1.225078e-02	2.229511e-26	1.248425e-02	0.000000e+00	9.506729e-01	0.000000e+00	0.000000e+00	1.776171e-02	2.568562e-03	4.261802e-03	
1.207236e-01	2.000000e+00	0.388860	6	1.207358e-02	5.466193e-15	1.242447e-02	0.000000e+00	9.510897e-01	0.000000e+00	0.000000e+00	1.759772e-02	2.548787e-03	4.265697e-03	
1.146875e-01	2.000000e+00	0.371283	6	1.190552e-02	1.167369e-27	1.236717e-02	0.000000e+00	9.514865e-01	0.000000e+00	0.000000e+00	1.744175e-02	2.529948e-03	4.269073e-03	
1.089531e-01	2.000000e+00	0.354426	6	1.174612e-02	1.839199e-34	1.231228e-02	2.218366e-93	9.518642e-01	1.843815e-52	1.250553e-66	1.729340e-02	2.512003e-03	4.271987e-03	
1.035054e-01	2.000000e+00	0.338267	6	1.159491e-02	1.173878e-21	1.225972e-02	0.000000e+00	9.522237e-01	1.535577e-40	0.000000e+00	1.715231e-02	2.494909e-03	4.274485e-03	
9.833015e-02	2.000000e+00	0.322782	6	1.145146e-02	5.359982e-39	1.220940e-02	0.000000e+00	9.525658e-01	0.000000e+00	0.000000e+00	1.701813e-02	2.478629e-03	4.276613e-03	
9.341365e-02	2.000000e+00	0.307948	6	1.131536e-02	1.344862e-13	1.216125e-02	0.000000e+00	9.528913e-01	0.000000e+00	0.000000e+00	1.689051e-02	2.463125e-03	4.278412e-03	
8.874296e-02	2.000000e+00	0.293742	6	1.118624e-02	1.102799e-14	1.211518e-02	0.000000e+00	9.532011e-01	0.000000e+00	0.000000e+00	1.676915e-02	2.448362e-03	4.279917e-03	
8.430581e-02	2.000000e+00	0.280143	6	1.106371e-02	1.178236e-13	1.207113e-02	0.000000e+00	9.534960e-01	0.000000e+00	0.000000e+00	1.665374e-02	2.434304e-03	4.281161e-03	
8.009052e-02	2.000000e+00	0.267129	6	1.094744e-02	7.882322e-15	1.202901e-02	0.000000e+00	9.537765e-01	0.000000e+00	0.000000e+00	1.654399e-02	2.420920e-03	4.282174e-03	
7.608600e-02	2.000000e+00	0.254678	6	1.083710e-02	7.480693e-24	1.198875e-02	0.000000e+00	9.540434e-01	0.000000e+00	0.000000e+00	1.643963e-02	2.408178e-03	4.282983e-03	
7.228170e-02	2.000000e+00	0.242770	6	1.073239e-02	1.565954e-14	1.195029e-02	0.000000e+00	9.542973e-01	0.000000e+00	0.000000e+00	1.634039e-02	2.396049e-03	4.283611e-03	
6.866761e-02	2.000000e+00	0.231384	6	1.063301e-02	9.459044e-38	1.191354e-02	0.000000e+00	9.545388e-01	0.000000e+00	0.000000e+00	1.624602e-02	2.384503e-03	4.284081e-03	
6.523423e-02	2.000000e+00	0.220500	6	1.053867e-02	5.553234e-35	1.187845e-02	0.000000e+00	9.547687e-01	0.000000e+00	0.000000e+00	1.615630e-02	2.373514e-03	4.284412e-03	
6.197252e-02	2.000000e+00	0.210099	6	1.044914e-02	1.134166e-29	1.184494e-02	0.000000e+00	9.549873e-01	0.000000e+00	0.000000e+00	1.607098e-02	2.363056e-03	4.284622e-03	
5.887389e-02	2.000000e+00	0.200162	6	1.036414e-02	1.163213e-16	1.181295e-02	0.000000e+00	9.551952e-01	0.000000e+00	0.000000e+00	1.598986e-02	2.353103e-03	4.284725e-03	
5.593020e-02	2.000000e+00	0.190671	6	1.028346e-02	7.131436e-20	1.178243e-02	0.000000e+00	9.553930e-01	0.000000e+00	0.000000e+00	1.591274e-02	2.343632e-03	4.284736e-03	
5.313369e-02	2.000000e+00	0.181607	6	1.020687e-02	1.166295e-36	1.175330e-02	0.000000e+00	9.555811e-01	0.000000e+00	0.000000e+00	1.583942e-02	2.334620e-03	4.284668e-03	
5.047701e-02	2.000000e+00	0.172954	6	1.013416e-02	2.040785e-14	1.172552e-02	0.000000e+00	9.557600e-01	0.000000e+00	0.000000e+00	1.576971e-02	2.326046e-03	4.284531e-03	
4.795316e-02	2.000000e+00	0.164695	6	1.006513e-02	8.014124e-20	1.169902e-02	0.000000e+00	9.559302e-01	0.000000e+00	0.000000e+00	1.570344e-02	2.317888e-03	4.284337e-03	
4.555550e-02	2.000000e+00	0.156813	6	9.999585e-03	1.041337e-23	1.167375e-02	0.000000e+00	9.560920e-01	0.000000e+00	0.000000e+00	1.564043e-02	2.310127e-03	4.284093e-03	
4.327772e-02	2.000000e+00	0.149293	6	9.937357e-03	7.631377e-25	1.164965e-02	0.000000e+00	9.562459e-01	0.000000e+00	0.000000e+00	1.558054e-02	2.302745e-03	4.283807e-03	
4.111384e-02	2.000000e+00	0.142119	6	9.878272e-03	4.897048e-17	1.162668e-02	0.000000e+00	9.563922e-01	0.000000e+00	0.000000e+00	1.552360e-02	2.295722e-03	4.283488e-03	
3.905814e-02	2.000000e+00	0.135278	6	9.822171e-03	2.577650e-16	1.160479e-02	0.000000e+00	9.565314e-01	0.000000e+00	0.000000e+00	1.546948e-02	2.289042e-03	4.283140e-03	
3.710524e-02	2.000000e+00	0.128754	6	9.768901e-03	1.616986e-13	1.158393e-02	0.000000e+00	9.566637e-01	0.000000e+00	0.000000e+00	1.541803e-02	2.282689e-03	4.282770e-03	
3.524998e-02	2.000000e+00	0.122534	6	9.718318e-03	7.726254e-16	1.156405e-02	0.000000e+00	9.567895e-01	0.000000e+00	0.000000e+00	1.536913e-02	2.276646e-03	4.282382e-03	
3.348748e-02	2.000000e+00	0.116604	6	9.670285e-03	1.771126e-14	1.154511e-02	0.000000e+00	9.569091e-01	0.000000e+00	0.000000e+00	1.532265e-02	2.270899e-03	4.281980e-03	
3.181310e-02	2.000000e+00	0.110953	6	9.624673e-03	1.100533e-13	1.152707e-02	0.000000e+00	9.570228e-01	0.000000e+00	0.000000e+00	1.527847e-02	2.265434e-03	4.281569e-03	
3.022245e-02	2.000000e+00	0.105568	6	9.581358e-03	1.054963e-24	1.150989e-02	0.000000e+00	9.571309e-01	0.000000e+00	0.000000e+00	1.523647e-02	2.260238e-03	4.281151e-03	
2.871133e-02	2.000000e+00	0.100437	6	9.540225e-03	2.709777e-17	1.149353e-02	0.000000e+00	9.572337e-01	0.000000e+00	0.000000e+00	1.519656e-02	2.255296e-03	4.280730e-03	
2.727576e-02	2.000000e+00	0.095548	6	9.501161e-03	1.500414e-35	1.147795e-02	0.000000e+00	9.573314e-01	0.000000e+00	0.000000e+00	1.515862e-02	2.250597e-03	4.280308e-03	
2.591197e-02	2.000000e+00	0.090892	6	9.464064e-03	3.980460e-19	1.146311e-02	0.000000e+00	9.574242e-01	0.000000e+00	0.000000e+00	1.512256e-02	2.246129e-03	4.279887e-03	
2.461637e-02	2.000000e+00	0.086457	6	9.428832e-03	1.343760e-15	1.144899e-02	0.000000e+00	9.575125e-01	0.000000e+00	0.000000e+00	1.508830e-02	2.241881e-03	4.279468e-03	
2.338555e-02	2.000000e+00	0.082233	6	9.395372e-03	9.537526e-17	1.143554e-02	0.000000e+00	9.575965e-01	0.000000e+00	0.000000e+00	1.505573e-02	2.237842e-03	4.279055e-03	
2.221628e-02	2.000000e+00	0.078211	6	9.363594e-03	4.235993e-23	1.142275e-02	0.000000e+00	9.576762e-01	0.000000e+00	0.000000e+00	1.502478e-02	2.234003e-03	4.278646e-03	
2.110546e-02	2.000000e+00	0.074382	6	9.333414e-03	2.286832e-13	1.141057e-02	0.000000e+00	9.577521e-01	0.000000e+00	0.000000e+00	1.499536e-02	2.230352e-03	4.278245e-03	
2.005019e-02	2.000000e+00	0.070736	6	9.304749e-03	2.573220e-12	1.139898e-02	0.000000e+00	9.578241e-01	0.000000e+00	0.000000e+00	1.496741e-02	2.226882e-03	4.277852e-03	
1.904768e-02	2.000000e+00	0.067266	6	9.277524e-03	1.606638e-16	1.138795e-02	0.000000e+00	9.578926e-01	0.000000e+00	0.000000e+00	1.494084e-02	2.223583e-03	4.277467e-03	
1.809530e-02	2.000000e+00	0.063963	6	9.251667e-03	5.964989e-17	1.137746e-02	0.000000e+00	9.579577e-01	0.000000e+00	0.000000e+00	1.491560e-02	2.220447e-03	4.277092e-03	
1.719053e-02	2.000000e+00	0.060820	6	9.227107e-03	1.362339e-15	1.136748e-02	0.000000e+00	9.580196e-01	0.000000e+00	0.000000e+00	1.489160e-02	2.217467e-03	4.276726e-03	
1.633100e-02	2.000000e+00	0.057828	6	9.203781e-03	1.021618e-12	1.135798e-02	0.000000e+00	9.580784e-01	0.000000e+00	0.000000e+00	1.486881e-02	2.214633e-03	4.276371e-03	
1.551445e-02	2.000000e+00	0.054981	6	9.181625e-03	5.779666e-13	1.134894e-02	0.000000e+00	9.581343e-01	0.000000e+00	0.000000e+00	1.484714e-02	2.211940e-03	4.276025e-03	
1.473873e-02	2.000000e+00	0.052273	6	9.160580e-03	6.228948e-35	1.134035e-02	0.000000e+00	9.581874e-01	0.000000e+00	0.000000e+00	1.482656e-02	2.209380e-03	4.275691e-03	
1.400180e-02	2.000000e+00	0.049696	6	9.140592e-03	5.659947e-16	1.133217e-02	0.000000e+00	9.582379e-01	0.000000e+00	0.000000e+00	1.480699e-02	2.206947e-03	4.275367e-03	
1.330171e-02	2.000000e+00	0.047244	6	9.121606e-03	2.224839e-22	1.132440e-02	0.000000e+00	9.582859e-01	0.000000e+00	0.000000e+00	1.478840e-02	2.204635e-03	4.275054e-03	
1.263662e-02	2.000000e+00	0.044912	6	9.103572e-03	4.952618e-35	1.131700e-02	0.000000e+00	9.583315e-01	0.000000e+00	0.000000e+00	1.477074e-02	2.202437e-03	4.274751e-03	
1.200479e-02	2.000000e+00	0.042693	6	9.086443e-03	1.853919e-14	1.130997e-02	0.000000e+00	9.583748e-01	0.000000e+00	0.000000e+00	1.475396e-02	2.200348e-03	4.274460e-03	
1.140455e-02	2.000000e+00	0.040583	6	9.070172e-03	1.142320e-12	1.130328e-02	0.000000e+00	9.584160e-01	0.000000e+00	0.000000e+00	1.473801e-02	2.198363e-03	4.274178e-03	
1.083432e-02	2.000000e+00	0.038576	6	9.054717e-03	8.625521e-14	1.129692e-02	0.000000e+00	9.584551e-01	0.000000e+00	0.000000e+00	1.472285e-02	2.196476e-03	4.273907e-03	
1.029261e-02	2.000000e+00	0.036667	6	9.040036e-03	1.493193e-32	1.129088e-02	0.000000e+00	9.584923e-01	0.000000e+00	0.000000e+00	1.470845e-02	2.194683e-03	4.273647e-03	
9.777976e-03	2.000000e+00	0.034852	6	9.026091e-03	3.790812e-14	1.128513e-02	0.000000e+00	9.585276e-01	0.000000e+00	0.000000e+00	1.469477e-02	2.192979e-03	4.273396e-03	
9.289077e-03	2.000000e+00	0.033126	6	9.012845e-03	1.805694e-23	1.127966e-02	0.000000e+00	9.585612e-01	0.000000e+00	0.000000e+00	1.468177e-02	2.191360e-03	4.273155e-03	
8.824623e-03	2.000000e+00	0.031484	6	9.000263e-03	4.601704e-13	1.127447e-02	0.000000e+00	9.585931e-01	0.000000e+00	0.000000e+00	1.466942e-02	2.189821e-03	4.272924e-03	
8.383392e-03	2.000000e+00	0.029923	6	8.988311e-03	9.132341e-14	1.126953e-02	0.000000e+00	9.586234e-01	0.000000e+00	0.000000e+00	1.465768e-02	2.188359e-03	4.272703e-03	
7.964222e-03	2.000000e+00	0.028439	6	8.976958e-03	2.494619e-12	1.126483e-02	0.000000e+00	9.586522e-01	0.000000e+00	0.000000e+00	1.464653e-02	2.186970e-03	4.272490e-03	
7.566011e-03	2.000000e+00	0.027028	6	8.966173e-03	9.145789e-22	1.126036e-02	0.000000e+00	9.586796e-01	0.000000e+00	0.000000e+00	1.463594e-02	2.185649e-03	4.272286e-03	
7.187711e-03	2.000000e+00	0.025687	6	8.955929e-03	1.616747e-23	1.125612e-02	0.000000e+00	9.587056e-01	0.000000e+00	0.000000e+00	1.462587e-02	2.184394e-03	4.272091e-03	
6.828325e-03	2.000000e+00	0.024411	6	8.946197e-03	7.107216e-14	1.125208e-02	0.000000e+00	9.587303e-01	0.000000e+00	0.000000e+00	1.461630e-02	2.183202e-03	4.271904e-03	
6.486909e-03	2.000000e+00	0.023199	6	8.936953e-03	3.690662e-13	1.124825e-02	0.000000e+00	9.587538e-01	0.000000e+00	0.000000e+00	1.460722e-02	2.182069e-03	4.271725e-03	
6.162563e-03	2.000000e+00	0.022046	6	8.928172e-03	2.737250e-12	1.124460e-02	0.000000e+00	9.587761e-01	0.000000e+00	0.000000e+00	1.459858e-02	2.180993e-03	4.271554e-03	
5.854435e-03	2.000000e+00	0.020950	6	8.919830e-03	2.968873e-12	1.124114e-02	0.000000e+00	9.587973e-01	0.000000e+00	0.000000e+00	1.459038e-02	2.179970e-03	4.271390e-03	
5.561713e-03	2.000000e+00	0.019909	6	8.911906e-03	1.306349e-28	1.123784e-02	0.000000e+00	9.588174e-01	0.000000e+00	0.000000e+00	1.458258e-02	2.178998e-03	4.271233e-03	
5.283628e-03	2.000000e+00	0.018919	6	8.904379e-03	5.215493e-13	1.123471e-02	0.000000e+00	9.588366e-01	0.000000e+00	0.000000e+00	1.457518e-02	2.178074e-03	4.271084e-03	
5.019446e-03	2.000000e+00	0.017977	6	8.897228e-03	1.952557e-13	1.123174e-02	0.000000e+00	9.588548e-01	0.000000e+00	0.000000e+00	1.456814e-02	2.177197e-03	4.270941e-03	
4.768474e-03	2.000000e+00	0.017083	6	8.890436e-03	4.346704e-12	1.122891e-02	0.000000e+00	9.588720e-01	0.000000e+00	0.000000e+00	1.456146e-02	2.176363e-03	4.270804e-03	
4.530050e-03	2.000000e+00	0.016233	6	8.883983e-03	1.732595e-13	1.122623e-02	0.000000e+00	9.588884e-01	0.000000e+00	0.000000e+00	1.455511e-02	2.175571e-03	4.270674e-03	
4.303548e-03	2.000000e+00	0.015425	6	8.877854e-03	3.580755e-12	1.122367e-02	0.000000e+00	9.589040e-01	0.000000e+00	0.000000e+00	1.454907e-02	2.174818e-03	4.270550e-03	
4.088370e-03	2.000000e+00	0.014657	6	8.872031e-03	1.390363e-21	1.122124e-02	0.000000e+00	9.589188e-01	0.000000e+00	0.000000e+00	1.454334e-02	2.174103e-03	4.270431e-03	
3.883952e-03	2.000000e+00	0.013927	6	8.866499e-03	1.339250e-21	1.121894e-02	0.000000e+00	9.589329e-01	0.000000e+00	0.000000e+00	1.453789e-02	2.173423e-03	4.270318e-03	
3.689754e-03	2.000000e+00	0.013233	6	8.861245e-03	4.540913e-12	1.121675e-02	0.000000e+00	9.589463e-01	0.000000e+00	0.000000e+00	1.453272e-02	2.172778e-03	4.270210e-03	
3.505267e-03	2.000000e+00	0.012574	6	8.856253e-03	3.285378e-12	1.121466e-02	0.000000e+00	9.589590e-01	0.000000e+00	0.000000e+00	1.452780e-02	2.172164e-03	4.270107e-03	
3.330003e-03	2.000000e+00	0.011947	6	8.851511e-03	1.788610e-31	1.121268e-02	0.000000e+00	9.589711e-01	0.000000e+00	0.000000e+00	1.452313e-02	2.171581e-03	4.270009e-03	
3.163503e-03	2.000000e+00	0.011352	6	8.847006e-03	2.286371e-12	1.121080e-02	0.000000e+00	9.589826e-01	0.000000e+00	0.000000e+00	1.451870e-02	2.171027e-03	4.269915e-03	
3.005328e-03	2.000000e+00	0.010786	6	8.842727e-03	9.088455e-12	1.120902e-02	0.000000e+00	9.589934e-01	0.000000e+00	0.000000e+00	1.451448e-02	2.170501e-03	4.269826e-03	
2.855062e-03	2.000000e+00	0.010248	6	8.838662e-03	7.717274e-12	1.120732e-02	0.000000e+00	9.590038e-01	0.000000e+00	0.000000e+00	1.451048e-02	2.170001e-03	4.269741e-03	
2.712308e-03	2.000000e+00	0.009737	6	8.834800e-03	8.353561e-19	1.120570e-02	0.000000e+00	9.590136e-01	0.000000e+00	0.000000e+00	1.450667e-02	2.169526e-03	4.269660e-03	
2.576693e-03	2.000000e+00	0.009252	6	8.831131e-03	4.374646e-14	1.120417e-02	0.000000e+00	9.590230e-01	0.000000e+00	0.000000e+00	1.450305e-02	2.169075e-03	4.269583e-03	
2.447858e-03	2.000000e+00	0.008790	6	8.827646e-03	1.152280e-12	1.120271e-02	0.000000e+00	9.590319e-01	0.000000e+00	0.000000e+00	1.449962e-02	2.168647e-03	4.269509e-03	
2.325465e-03	2.000000e+00	0.008352	6	8.824336e-03	2.440865e-11	1.120133e-02	0.000000e+00	9.590403e-01	0.000000e+00	0.000000e+00	1.449636e-02	2.168239e-03	4.269439e-03	
2.209192e-03	2.000000e+00	0.007935	6	8.821191e-03	4.309908e-25	1.120001e-02	0.000000e+00	9.590483e-01	0.000000e+00	0.000000e+00	1.449326e-02	2.167852e-03	4.269373e-03	
2.098733e-03	2.000000e+00	0.007539	6	8.818203e-03	1.030707e-25	1.119876e-02	0.000000e+00	9.590559e-01	0.000000e+00	0.000000e+00	1.449031e-02	2.167485e-03	4.269309e-03	
1.993796e-03	2.000000e+00	0.007163	6	8.815365e-03	6.534505e-20	1.119758e-02	0.000000e+00	9.590632e-01	0.000000e+00	0.000000e+00	1.448751e-02	2.167135e-03	4.269249e-03	
1.894106e-03	2.000000e+00	0.006806	6	8.812668e-03	3.274286e-13	1.119645e-02	0.000000e+00	9.590700e-01	0.000000e+00	0.000000e+00	1.448486e-02	2.166803e-03	4.269191e-03	
1.799401e-03	2.000000e+00	0.006466	6	8.810107e-03	2.401782e-24	1.119537e-02	0.000000e+00	9.590766e-01	0.000000e+00	0.000000e+00	1.448233e-02	2.166488e-03	4.269137e-03	
1.709431e-03	2.000000e+00	0.006143	6	8.807674e-03	5.097486e-12	1.119436e-02	0.000000e+00	9.590828e-01	0.000000e+00	0.000000e+00	1.447993e-02	2.166189e-03	4.269085e-03	
1.623959e-03	2.000000e+00	0.005837	6	8.805362e-03	3.735801e-28	1.119339e-02	0.000000e+00	9.590887e-01	0.000000e+00	0.000000e+00	1.447765e-02	2.165904e-03	4.269035e-03	
1.542761e-03	2.000000e+00	0.005545	6	8.803166e-03	7.446814e-20	1.119247e-02	0.000000e+00	9.590943e-01	0.000000e+00	0.000000e+00	1.447549e-02	2.165634e-03	4.268988e-03	
1.465623e-03	2.000000e+00	0.005268	6	8.801080e-03	1.719882e-28	1.119159e-02	0.000000e+00	9.590996e-01	0.000000e+00	0.000000e+00	1.447343e-02	2.165377e-03	4.268943e-03	
1.392342e-03	2.000000e+00	0.005005	6	8.799098e-03	5.946547e-18	1.119076e-02	0.000000e+00	9.591046e-01	0.000000e+00	0.000000e+00	1.447148e-02	2.165133e-03	4.268900e-03	
1.322725e-03	2.000000e+00	0.004755	6	8.797215e-03	1.692209e-22	1.118997e-02	0.000000e+00	9.591094e-01	0.000000e+00	0.000000e+00	1.446962e-02	2.164901e-03	4.268860e-03	
1.256589e-03	2.000000e+00	0.004518	6	8.795427e-03	3.040507e-18	1.118922e-02	0.000000e+00	9.591140e-01	0.000000e+00	0.000000e+00	1.446786e-02	2.164681e-03	4.268821e-03	
1.193759e-03	2.000000e+00	0.004292	6	8.793728e-03	5.674257e-22	1.118851e-02	0.000000e+00	9.591183e-01	0.000000e+00	0.000000e+00	1.446618e-02	2.164471e-03	4.268784e-03	
1.134071e-03	2.000000e+00	0.004078	6	8.792114e-03	8.319034e-13	1.118784e-02	0.000000e+00	9.591224e-01	0.000000e+00	0.000000e+00	1.446459e-02	2.164273e-03	4.268749e-03	
1.077368e-03	2.000000e+00	0.003874	6	8.790580e-03	7.319483e-12	1.118719e-02	0.000000e+00	9.591264e-01	0.000000e+00	0.000000e+00	1.446308e-02	2.164084e-03	4.268716e-03	
1.023499e-03	2.000000e+00	0.003681	6	8.789123e-03	7.123758e-23	1.118658e-02	0.000000e+00	9.591301e-01	0.000000e+00	0.000000e+00	1.446164e-02	2.163904e-03	4.268684e-03	
9.723244e-04	2.000000e+00	0.003497	6	8.787740e-03	5.959974e-26	1.118600e-02	0.000000e+00	9.591336e-01	0.000000e+00	0.000000e+00	1.446027e-02	2.163734e-03	4.268654e-03	
9.237082e-04	2.000000e+00	0.003322	6	8.786425e-03	1.452952e-11	1.118545e-02	0.000000e+00	9.591369e-01	0.000000e+00	0.000000e+00	1.445898e-02	2.163572e-03	4.268626e-03	
8.775228e-04	2.000000e+00	0.003156	6	8.785176e-03	8.666197e-14	1.118493e-02	0.000000e+00	9.591401e-01	0.000000e+00	0.000000e+00	1.445774e-02	2.163418e-03	4.268599e-03	
8.336466e-04	2.000000e+00	0.002999	6	8.783990e-03	5.234876e-17	1.118443e-02	0.000000e+00	9.591432e-01	0.000000e+00	0.000000e+00	1.445657e-02	2.163272e-03	4.268573e-03	
7.919643e-04	2.000000e+00	0.002849	6	8.782863e-03	1.187415e-12	1.118396e-02	0.000000e+00	9.591460e-01	0.000000e+00	0.000000e+00	1.445546e-02	2.163133e-03	4.268548e-03	
7.523661e-04	2.000000e+00	0.002706	6	8.781792e-03	7.387181e-18	1.118351e-02	0.000000e+00	9.591488e-01	0.000000e+00	0.000000e+00	1.445441e-02	2.163001e-03	4.268525e-03	
7.147478e-04	2.000000e+00	0.002571	6	8.780775e-03	2.761170e-11	1.118308e-02	0.000000e+00	9.591514e-01	0.000000e+00	0.000000e+00	1.445340e-02	2.162876e-03	4.268503e-03	
6.790104e-04	2.000000e+00	0.002443	6	8.779808e-03	2.334052e-22	1.118268e-02	0.000000e+00	9.591538e-01	0.000000e+00	0.000000e+00	1.445245e-02	2.162757e-03	4.268481e-03	
6.450599e-04	2.000000e+00	0.002321	6	8.778890e-03	1.508512e-22	1.118229e-02	0.000000e+00	9.591562e-01	0.000000e+00	0.000000e+00	1.445154e-02	2.162644e-03	4.268461e-03	
6.128069e-04	2.000000e+00	0.002205	6	8.778018e-03	1.425859e-24	1.118192e-02	0.000000e+00	9.591584e-01	0.000000e+00	0.000000e+00	1.445068e-02	2.162536e-03	4.268442e-03	
5.821665e-04	2.000000e+00	0.002095	6	8.777190e-03	5.625769e-11	1.118158e-02	0.000000e+00	9.591605e-01	0.000000e+00	0.000000e+00	1.444987e-02	2.162434e-03	4.268424e-03	
5.530582e-04	2.000000e+00	0.001990	6	8.776403e-03	8.607610e-17	1.118125e-02	0.000000e+00	9.591625e-01	0.000000e+00	0.000000e+00	1.444909e-02	2.162337e-03	4.268407e-03	
5.254053e-04	2.000000e+00	0.001890	6	8.775656e-03	3.445383e-11	1.118093e-02	0.000000e+00	9.591644e-01	0.000000e+00	0.000000e+00	1.444835e-02	2.162244e-03	4.268391e-03	
4.991350e-04	2.000000e+00	0.001796	6	8.774945e-03	3.478765e-09	1.118063e-02	0.000000e+00	9.591662e-01	0.000000e+00	0.000000e+00	1.444765e-02	2.162157e-03	4.268375e-03	
4.741783e-04	2.000000e+00	0.001706	6	8.774270e-03	9.750437e-11	1.118035e-02	0.000000e+00	9.591680e-01	0.000000e+00	0.000000e+00	1.444699e-02	2.162074e-03	4.268360e-03	
4.504694e-04	2.000000e+00	0.001621	6	8.773629e-03	4.936428e-11	1.118008e-02	0.000000e+00	9.591696e-01	0.000000e+00	0.000000e+00	1.444635e-02	2.161995e-03	4.268346e-03	
4.279459e-04	2.000000e+00	0.001540	6	8.773020e-03	9.230699e-21	1.117983e-02	0.000000e+00	9.591711e-01	0.000000e+00	0.000000e+00	1.444575e-02	2.161920e-03	4.268333e-03	
4.065486e-04	2.000000e+00	0.001463	6	8.772441e-03	3.423256e-16	1.117958e-02	0.000000e+00	9.591726e-01	0.000000e+00	0.000000e+00	1.444518e-02	2.161849e-03	4.268320e-03	
3.862212e-04	2.000000e+00	0.001390	6	8.771892e-03	3.090278e-11	1.117935e-02	0.000000e+00	9.591740e-01	0.000000e+00	0.000000e+00	1.444464e-02	2.161781e-03	4.268308e-03	
3.669101e-04	2.000000e+00	0.001320	6	8.771370e-03	1.924829e-21	1.117913e-02	0.000000e+00	9.591754e-01	0.000000e+00	0.000000e+00	1.444412e-02	2.161717e-03	4.268296e-03	
3.485646e-04	2.000000e+00	0.001254	6	8.770874e-03	4.970195e-10	1.117893e-02	0.000000e+00	9.591766e-01	0.000000e+00	0.000000e+00	1.444363e-02	2.161656e-03	4.268286e-03	
3.311364e-04	2.000000e+00	0.001192	6	8.770402e-03	4.434111e-23	1.117873e-02	0.000000e+00	9.591778e-01	0.000000e+00	0.000000e+00	1.444317e-02	2.161597e-03	4.268275e-03	
3.145796e-04	2.000000e+00	0.001132	6	8.769955e-03	2.329582e-19	1.117854e-02	0.000000e+00	9.591790e-01	0.000000e+00	0.000000e+00	1.444273e-02	2.161542e-03	4.268265e-03	
2.988506e-04	2.000000e+00	0.001076	6	8.769529e-03	4.927473e-16	1.117836e-02	0.000000e+00	9.591801e-01	0.000000e+00	0.000000e+00	1.444231e-02	2.161490e-03	4.268256e-03	
2.839081e-04	2.000000e+00	0.001022	6	8.769125e-03	3.130133e-08	1.117819e-02	0.000000e+00	9.591811e-01	0.000000e+00	0.000000e+00	1.444191e-02	2.161440e-03	4.268247e-03	
2.697127e-04	2.000000e+00	0.000971	6	8.768742e-03	9.999150e-13	1.117803e-02	0.000000e+00	9.591821e-01	0.000000e+00	0.000000e+00	1.444153e-02	2.161393e-03	4.268239e-03	
2.562270e-04	2.000000e+00	0.000922	6	8.768377e-03	2.105318e-10	1.117788e-02	0.000000e+00	9.591830e-01	0.000000e+00	0.000000e+00	1.444117e-02	2.161348e-03	4.268231e-03	
2.434157e-04	2.000000e+00	0.000876	6	8.768032e-03	1.602989e-10	1.117773e-02	0.000000e+00	9.591839e-01	0.000000e+00	0.000000e+00	1.444083e-02	2.161306e-03	4.268224e-03	
2.312449e-04	2.000000e+00	0.000832	6	8.767703e-03	3.905157e-11	1.117760e-02	0.000000e+00	9.591847e-01	0.000000e+00	0.000000e+00	1.444051e-02	2.161265e-03	4.268216e-03	
2.196826e-04	2.000000e+00	0.000791	6	8.767389e-03	9.736527e-09	1.117746e-02	0.000000e+00	9.591855e-01	0.000000e+00	0.000000e+00	1.444020e-02	2.161226e-03	4.268209e-03	
2.086985e-04	2.000000e+00	0.000751	6	8.767094e-03	2.421140e-10	1.117734e-02	0.000000e+00	9.591863e-01	0.000000e+00	0.000000e+00	1.443990e-02	2.161190e-03	4.268203e-03	
1.982636e-04	2.000000e+00	0.000714	6	8.766812e-03	3.748063e-10	1.117722e-02	0.000000e+00	9.591870e-01	0.000000e+00	0.000000e+00	1.443963e-02	2.161146e-03	4.268197e-03	
1.883504e-04	2.000000e+00	0.000678	6	8.766544e-03	3.327451e-10	1.117711e-02	0.000000e+00	9.591877e-01	0.000000e+00	0.000000e+00	1.443936e-02	2.161122e-03	4.268191e-03	
1.789329e-04	2.000000e+00	0.000644	6	8.766289e-03	1.875077e-11	1.117700e-02	0.000000e+00	9.591883e-01	0.000000e+00	0.000000e+00	1.443911e-02	2.161091e-03	4.268186e-03	
1.699862e-04	2.000000e+00	0.000612	6	8.766045e-03	5.446441e-16	1.117690e-02	0.000000e+00	9.591889e-01	0.000000e+00	0.000000e+00	1.443887e-02	2.161060e-03	4.268179e-03	
1.614869e-04	2.000000e+00	0.000581	6	8.765818e-03	5.035586e-10	1.117680e-02	0.000000e+00	9.591895e-01	0.000000e+00	0.000000e+00	1.443865e-02	2.161033e-03	4.268175e-03	
1.534126e-04	2.000000e+00	0.000552	6	8.765597e-03	1.913364e-16	1.117671e-02	0.000000e+00	9.591901e-01	0.000000e+00	0.000000e+00	1.443843e-02	2.161005e-03	4.268169e-03	
1.457420e-04	2.000000e+00	0.000525	6	8.765391e-03	5.090315e-10	1.117649e-02	0.000000e+00	9.591907e-01	0.000000e+00	0.000000e+00	1.443822e-02	2.160980e-03	4.268165e-03	
1.384549e-04	2.000000e+00	0.000498	6	8.765194e-03	3.395667e-10	1.117654e-02	0.000000e+00	9.591912e-01	0.000000e+00	0.000000e+00	1.443803e-02	2.160956e-03	4.268126e-03	
1.315321e-04	2.000000e+00	0.000473	6	8.765009e-03	1.328832e-09	1.117646e-02	0.000000e+00	9.591916e-01	0.000000e+00	0.000000e+00	1.443785e-02	2.160934e-03	4.268158e-03	
1.249555e-04	2.000000e+00	0.000450	6	8.764831e-03	1.419583e-09	1.117639e-02	0.000000e+00	9.591920e-01	0.000000e+00	0.000000e+00	1.443767e-02	2.160912e-03	4.268154e-03	
1.187077e-04	2.000000e+00	0.000427	6	8.764663e-03	1.580211e-09	1.117632e-02	0.000000e+00	9.591925e-01	0.000000e+00	0.000000e+00	1.443751e-02	2.160891e-03	4.268150e-03	
1.127723e-04	2.000000e+00	0.000406	6	8.764502e-03	2.616562e-09	1.117625e-02	0.000000e+00	9.591929e-01	0.000000e+00	0.000000e+00	1.443735e-02	2.160871e-03	4.268147e-03	
1.071337e-04	2.000000e+00	0.000386	6	8.764350e-03	3.060838e-09	1.117619e-02	0.000000e+00	9.591933e-01	0.000000e+00	0.000000e+00	1.443720e-02	2.160807e-03	4.268144e-03	
1.017770e-04	2.000000e+00	0.000366	6	8.764206e-03	2.653995e-09	1.117613e-02	0.000000e+00	9.591936e-01	0.000000e+00	0.000000e+00	1.443705e-02	2.160835e-03	4.268141e-03	
9.668819e-05	2.000000e+00	0.000348	6	8.764069e-03	4.076636e-09	1.117607e-02	0.000000e+00	9.591940e-01	0.000000e+00	0.000000e+00	1.443692e-02	2.160818e-03	4.268138e-03	
