1.000000e+02	2.000000e+00	9.440211	1	1.000000e+00	0.000000e+00	0.000000e+00	0.000000e+00	0.000000e+00	0.000000e+00	0.000000e+00	0.000000e+00	0.000000e+00	0.000000e+00	
9.500000e+01	2.000000e+00	9.406315	1	1.000000e+00	0.000000e+00	0.000000e+00	0.000000e+00	0.000000e+00	0.000000e+00	0.000000e+00	0.000000e+00	0.000000e+00	0.000000e+00	
9.025000e+01	2.000000e+00	9.370310	1	1.000000e+00	0.000000e+00	0.000000e+00	0.000000e+00	0.000000e+00	0.000000e+00	0.000000e+00	0.000000e+00	0.000000e+00	0.000000e+00	
8.573750e+01	2.000000e+00	9.332073	1	1.000000e+00	0.000000e+00	0.000000e+00	0.000000e+00	0.000000e+00	0.000000e+00	0.000000e+00	0.000000e+00	0.000000e+00	0.000000e+00	
8.145062e+01	2.000000e+00	9.291476	1	1.000000e+00	0.000000e+00	0.000000e+00	0.000000e+00	0.000000e+00	0.000000e+00	0.000000e+00	0.000000e+00	0.000000e+00	0.000000e+00	
7.737809e+01	2.000000e+00	9.248389	1	1.000000e+00	0.000000e+00	0.000000e+00	0.000000e+00	0.000000e+00	0.000000e+00	0.000000e+00	0.000000e+00	0.000000e+00	0.000000e+00	
7.350919e+01	2.000000e+00	9.202678	1	1.000000e+00	0.000000e+00	0.000000e+00	0.000000e+00	0.000000e+00	0.000000e+00	0.000000e+00	0.000000e+00	0.000000e+00	0.000000e+00	
6.983373e+01	2.000000e+00	9.154205	1	1.000000e+00	0.000000e+00	0.000000e+00	0.000000e+00	0.000000e+00	0.000000e+00	0.000000e+00	0.000000e+00	0.000000e+00	0.000000e+00	
6.634204e+01	2.000000e+00	9.102832	1	1.000000e+00	0.000000e+00	0.000000e+00	0.000000e+00	0.000000e+00	0.000000e+00	0.000000e+00	0.000000e+00	0.000000e+00	0.000000e+00	
6.302494e+01	2.000000e+00	9.048416	1	1.000000e+00	0.000000e+00	0.000000e+00	3.167248e-16	0.000000e+00	0.000000e+00	0.000000e+00	0.000000e+00	0.000000e+00	0.000000e+00	
5.987369e+01	2.000000e+00	8.990819	1	1.000000e+00	0.000000e+00	0.000000e+00	0.000000e+00	0.000000e+00	0.000000e+00	0.000000e+00	0.000000e+00	0.000000e+00	0.000000e+00	
5.688001e+01	2.000000e+00	8.929900	1	1.000000e+00	0.000000e+00	0.000000e+00	0.000000e+00	0.000000e+00	0.000000e+00	0.000000e+00	0.000000e+00	0.000000e+00	0.000000e+00	
5.403601e+01	2.000000e+00	8.865522	1	1.000000e+00	0.000000e+00	0.000000e+00	1.115154e-16	0.000000e+00	0.000000e+00	1.632261e-20	0.000000e+00	0.000000e+00	0.000000e+00	
5.133421e+01	2.000000e+00	8.797553	1	1.000000e+00	0.000000e+00	0.000000e+00	4.456970e-16	0.000000e+00	0.000000e+00	0.000000e+00	0.000000e+00	0.000000e+00	0.000000e+00	
4.876750e+01	2.000000e+00	8.725865	1	1.000000e+00	0.000000e+00	0.000000e+00	6.910708e-63	0.000000e+00	0.000000e+00	0.000000e+00	0.000000e+00	0.000000e+00	0.000000e+00	
4.632912e+01	2.000000e+00	8.650338	1	1.000000e+00	0.000000e+00	0.000000e+00	0.000000e+00	0.000000e+00	0.000000e+00	0.000000e+00	0.000000e+00	0.000000e+00	0.000000e+00	
4.401267e+01	2.000000e+00	8.570861	1	1.000000e+00	0.000000e+00	0.000000e+00	2.024379e-17	0.000000e+00	0.000000e+00	0.000000e+00	0.000000e+00	0.000000e+00	0.000000e+00	
4.181203e+01	2.000000e+00	8.487336	1	1.000000e+00	0.000000e+00	0.000000e+00	1.656149e-16	0.000000e+00	0.000000e+00	0.000000e+00	0.000000e+00	0.000000e+00	0.000000e+00	
3.972143e+01	2.000000e+00	8.399678	1	1.000000e+00	0.000000e+00	0.000000e+00	6.625258e-17	0.000000e+00	0.000000e+00	0.000000e+00	0.000000e+00	0.000000e+00	0.000000e+00	
3.773536e+01	2.000000e+00	8.307816	1	1.000000e+00	0.000000e+00	0.000000e+00	2.840703e-23	0.000000e+00	0.000000e+00	0.000000e+00	0.000000e+00	0.000000e+00	0.000000e+00	
3.584859e+01	2.000000e+00	8.211699	1	1.000000e+00	0.000000e+00	0.000000e+00	0.000000e+00	0.000000e+00	0.000000e+00	3.087520e-65	0.000000e+00	0.000000e+00	0.000000e+00	
3.405616e+01	2.000000e+00	8.111294	1	1.000000e+00	0.000000e+00	0.000000e+00	7.661970e-35	0.000000e+00	0.000000e+00	0.000000e+00	0.000000e+00	0.000000e+00	0.000000e+00	
3.235335e+01	2.000000e+00	8.006591	1	1.000000e+00	0.000000e+00	0.000000e+00	6.019865e-35	0.000000e+00	0.000000e+00	0.000000e+00	0.000000e+00	0.000000e+00	0.000000e+00	
3.073569e+01	2.000000e+00	7.897602	1	1.000000e+00	0.000000e+00	0.000000e+00	7.354858e-40	0.000000e+00	0.000000e+00	0.000000e+00	8.941243e-43	0.000000e+00	0.000000e+00	
2.919890e+01	2.000000e+00	7.784366	1	1.000000e+00	0.000000e+00	0.000000e+00	8.187560e-46	0.000000e+00	0.000000e+00	0.000000e+00	1.845705e-52	0.000000e+00	0.000000e+00	
2.773896e+01	2.000000e+00	7.666944	1	1.000000e+00	0.000000e+00	0.000000e+00	2.360757e-17	0.000000e+00	0.000000e+00	0.000000e+00	1.050283e-17	0.000000e+00	0.000000e+00	
2.635201e+01	2.000000e+00	7.545428	1	1.000000e+00	0.000000e+00	0.000000e+00	3.578907e-31	0.000000e+00	0.000000e+00	0.000000e+00	0.000000e+00	0.000000e+00	0.000000e+00	
2.503441e+01	2.000000e+00	7.419935	1	1.000000e+00	0.000000e+00	0.000000e+00	0.000000e+00	0.000000e+00	0.000000e+00	0.000000e+00	0.000000e+00	0.000000e+00	0.000000e+00	
2.378269e+01	2.000000e+00	7.290609	1	1.000000e+00	0.000000e+00	0.000000e+00	0.000000e+00	0.000000e+00	0.000000e+00	0.000000e+00	8.043890e-16	0.000000e+00	0.000000e+00	
2.259355e+01	2.000000e+00	7.157621	1	1.000000e+00	0.000000e+00	0.000000e+00	0.000000e+00	0.000000e+00	0.000000e+00	0.000000e+00	0.000000e+00	0.000000e+00	0.000000e+00	
2.146388e+01	2.000000e+00	7.021170	1	1.000000e+00	0.000000e+00	0.000000e+00	0.000000e+00	0.000000e+00	0.000000e+00	0.000000e+00	0.000000e+00	0.000000e+00	0.000000e+00	
2.039068e+01	2.000000e+00	6.881475	1	1.000000e+00	0.000000e+00	0.000000e+00	0.000000e+00	0.000000e+00	0.000000e+00	0.000000e+00	0.000000e+00	0.000000e+00	0.000000e+00	
1.937115e+01	2.000000e+00	6.740015	2	9.988240e-01	0.000000e+00	0.000000e+00	0.000000e+00	0.000000e+00	0.000000e+00	0.000000e+00	1.175967e-03	0.000000e+00	0.000000e+00	
1.840259e+01	2.000000e+00	6.642652	2	9.548068e-01	0.000000e+00	0.000000e+00	0.000000e+00	0.000000e+00	0.000000e+00	0.000000e+00	4.519319e-02	0.000000e+00	0.000000e+00	
1.748246e+01	2.000000e+00	6.541997	2	9.148074e-01	0.000000e+00	0.000000e+00	0.000000e+00	0.000000e+00	0.000000e+00	0.000000e+00	8.519264e-02	0.000000e+00	0.000000e+00	
1.660834e+01	2.000000e+00	6.438123	2	8.784422e-01	0.000000e+00	0.000000e+00	8.799440e-18	0.000000e+00	0.000000e+00	0.000000e+00	1.215578e-01	0.000000e+00	0.000000e+00	
1.577792e+01	2.000000e+00	6.331127	2	8.453649e-01	0.000000e+00	0.000000e+00	1.687681e-17	0.000000e+00	0.000000e+00	0.000000e+00	1.546351e-01	0.000000e+00	0.000000e+00	
1.498903e+01	2.000000e+00	6.221121	2	8.152626e-01	0.000000e+00	0.000000e+00	1.723776e-51	0.000000e+00	0.000000e+00	2.377356e-52	1.847374e-01	0.000000e+00	0.000000e+00	
1.423957e+01	2.000000e+00	6.108240	2	7.878530e-01	0.000000e+00	0.000000e+00	1.472791e-16	0.000000e+00	0.000000e+00	1.677278e-16	2.121470e-01	2.014392e-17	0.000000e+00	
1.352760e+01	2.000000e+00	5.992637	2	7.628808e-01	0.000000e+00	0.000000e+00	1.918755e-39	0.000000e+00	0.000000e+00	2.318534e-40	2.371192e-01	0.000000e+00	0.000000e+00	
1.285122e+01	2.000000e+00	5.874483	2	7.401156e-01	0.000000e+00	0.000000e+00	0.000000e+00	0.000000e+00	0.000000e+00	7.293921e-48	2.598844e-01	1.829739e-45	0.000000e+00	
1.220865e+01	2.000000e+00	5.753968	2	7.193493e-01	0.000000e+00	0.000000e+00	0.000000e+00	0.000000e+00	0.000000e+00	0.000000e+00	2.806507e-01	1.039630e-24	0.000000e+00	
1.159822e+01	2.000000e+00	5.631295	2	7.003941e-01	0.000000e+00	0.000000e+00	0.000000e+00	0.000000e+00	0.000000e+00	0.000000e+00	2.996059e-01	3.211986e-24	0.000000e+00	
1.101831e+01	2.000000e+00	5.506683	2	6.830801e-01	0.000000e+00	0.000000e+00	0.000000e+00	0.000000e+00	0.000000e+00	0.000000e+00	3.169199e-01	5.038033e-19	0.000000e+00	
1.046740e+01	2.000000e+00	5.383533	3	6.653833e-01	0.000000e+00	0.000000e+00	0.000000e+00	0.000000e+00	0.000000e+00	0.000000e+00	3.309559e-01	3.660837e-03	0.000000e+00	
9.944026e+00	2.000000e+00	5.266435	3	6.448154e-01	0.000000e+00	0.000000e+00	0.000000e+00	0.000000e+00	0.000000e+00	0.000000e+00	3.395737e-01	1.561086e-02	0.000000e+00	
9.446824e+00	2.000000e+00	5.149052	4	6.252461e-01	0.000000e+00	2.385160e-35	0.000000e+00	1.733832e-03	0.000000e+00	0.000000e+00	3.467021e-01	2.631803e-02	0.000000e+00	
8.974483e+00	2.000000e+00	5.037238	4	6.035311e-01	0.000000e+00	0.000000e+00	0.000000e+00	1.220059e-02	0.000000e+00	0.000000e+00	3.495193e-01	3.474903e-02	0.000000e+00	
8.525759e+00	2.000000e+00	4.923973	4	5.836219e-01	0.000000e+00	0.000000e+00	0.000000e+00	2.185062e-02	0.000000e+00	0.000000e+00	3.520297e-01	4.249778e-02	0.000000e+00	
8.099471e+00	2.000000e+00	4.809453	4	5.653552e-01	0.000000e+00	0.000000e+00	0.000000e+00	3.075426e-02	0.000000e+00	3.076719e-17	3.542658e-01	4.962472e-02	0.000000e+00	
7.694498e+00	2.000000e+00	4.694072	5	5.484889e-01	0.000000e+00	2.623142e-04	0.000000e+00	3.893594e-02	0.000000e+00	0.000000e+00	3.561641e-01	5.614881e-02	0.000000e+00	
7.309773e+00	2.000000e+00	4.590364	5	5.269209e-01	0.000000e+00	1.738690e-02	0.000000e+00	4.395118e-02	0.000000e+00	1.532450e-12	3.518946e-01	5.984646e-02	0.000000e+00	
6.944284e+00	2.000000e+00	4.485471	5	5.071458e-01	0.000000e+00	3.305341e-02	0.000000e+00	4.860533e-02	0.000000e+00	4.050623e-40	3.479334e-01	6.326199e-02	0.000000e+00	
6.597070e+00	2.000000e+00	4.379788	6	4.889021e-01	0.000000e+00	4.732912e-02	0.000000e+00	5.288526e-02	0.000000e+00	3.450242e-04	3.441575e-01	6.638096e-02	0.000000e+00	
6.267216e+00	2.000000e+00	4.273498	6	4.720509e-01	0.000000e+00	6.033864e-02	0.000000e+00	5.682020e-02	0.000000e+00	1.012008e-03	3.405508e-01	6.922751e-02	0.000000e+00	
5.953856e+00	2.000000e+00	4.166589	6	4.565521e-01	0.000000e+00	7.225290e-02	0.000000e+00	6.047333e-02	0.000000e+00	1.681147e-03	3.371837e-01	7.185682e-02	0.000000e+00	
5.656163e+00	2.000000e+00	4.059257	6	4.422824e-01	0.000000e+00	8.316883e-02	0.000000e+00	6.386539e-02	0.000000e+00	2.363334e-03	3.340344e-01	7.428563e-02	0.000000e+00	
5.373355e+00	2.000000e+00	3.951682	6	4.291360e-01	0.000000e+00	9.317810e-02	0.000000e+00	6.701784e-02	0.000000e+00	3.048301e-03	3.310883e-01	7.653144e-02	1.599914e-22	
5.104687e+00	2.000000e+00	3.847362	7	4.156473e-01	0.000000e+00	1.014148e-01	0.000000e+00	6.936073e-02	0.000000e+00	3.529271e-03	3.269601e-01	7.807358e-02	5.014288e-03	
4.849453e+00	2.000000e+00	3.744779	7	4.024819e-01	0.000000e+00	1.084593e-01	0.000000e+00	7.123084e-02	0.000000e+00	3.915459e-03	3.223820e-01	7.921643e-02	1.231408e-02	
4.606980e+00	2.000000e+00	3.642209	7	3.903403e-01	0.000000e+00	1.149188e-01	0.000000e+00	7.297984e-02	0.000000e+00	4.319703e-03	3.181239e-01	8.027833e-02	1.903918e-02	
4.376631e+00	2.000000e+00	3.539825	7	3.791344e-01	0.000000e+00	1.208461e-01	0.000000e+00	7.461651e-02	7.191801e-19	4.737162e-03	3.141606e-01	8.126573e-02	2.523949e-02	
4.157799e+00	2.000000e+00	3.437795	7	3.687843e-01	0.000000e+00	1.262891e-01	3.879687e-30	7.614890e-02	1.376199e-27	5.163643e-03	3.104693e-01	8.218448e-02	3.096034e-02	
3.949909e+00	2.000000e+00	3.336285	7	3.592173e-01	0.000000e+00	1.312910e-01	3.112388e-47	7.758443e-02	7.488581e-38	5.595537e-03	3.070290e-01	8.303994e-02	3.624282e-02	
3.752414e+00	2.000000e+00	3.235456	7	3.503674e-01	2.385558e-79	1.358911e-01	6.704415e-51	7.892993e-02	4.881993e-32	6.029743e-03	3.038205e-01	8.383702e-02	4.112427e-02	
3.564793e+00	2.000000e+00	3.135460	7	3.421747e-01	0.000000e+00	1.401249e-01	0.000000e+00	8.019171e-02	4.088683e-33	6.463614e-03	3.008263e-01	8.458019e-02	4.563860e-02	
3.386554e+00	2.000000e+00	3.037696	8	3.341076e-01	0.000000e+00	1.436766e-01	0.000000e+00	8.116472e-02	1.979923e-03	6.825305e-03	2.975417e-01	8.508127e-02	4.962294e-02	
3.217226e+00	2.000000e+00	2.941060	8	3.265925e-01	0.000000e+00	1.469187e-01	0.000000e+00	8.206353e-02	3.974671e-03	7.182642e-03	2.944373e-01	8.553473e-02	5.329590e-02	
3.056365e+00	2.000000e+00	2.845743	9	3.195582e-01	2.623403e-04	1.498584e-01	0.000000e+00	8.288148e-02	5.830851e-03	7.530222e-03	2.914728e-01	8.593343e-02	5.667225e-02	
2.903546e+00	2.000000e+00	2.753624	9	3.122928e-01	3.707387e-03	1.520221e-01	0.000000e+00	8.332403e-02	7.435956e-03	7.769414e-03	2.879437e-01	8.600756e-02	5.949707e-02	
2.758369e+00	2.000000e+00	2.662741	9	3.055434e-01	6.914636e-03	1.540084e-01	6.258245e-29	8.374370e-02	8.940484e-03	8.013321e-03	2.846450e-01	8.607774e-02	6.211327e-02	
2.620451e+00	2.000000e+00	2.573204	9	2.992689e-01	9.902552e-03	1.558333e-01	9.492863e-14	8.414167e-02	1.035148e-02	8.259973e-03	2.815598e-01	8.614419e-02	6.453807e-02	
2.489428e+00	2.000000e+00	2.485114	9	2.934317e-01	1.268802e-02	1.575112e-01	1.047770e-21	8.451910e-02	1.167542e-02	8.507679e-03	2.786726e-01	8.620712e-02	6.678714e-02	
2.364957e+00	2.000000e+00	2.398566	9	2.879975e-01	1.528648e-02	1.590549e-01	5.887450e-13	8.487706e-02	1.291831e-02	8.754994e-03	2.759692e-01	8.626673e-02	6.887475e-02	
2.246709e+00	2.000000e+00	2.313642	9	2.829351e-01	1.771207e-02	1.604764e-01	1.581553e-14	8.521656e-02	1.408567e-02	9.000692e-03	2.734364e-01	8.632319e-02	7.081392e-02	
2.134373e+00	2.000000e+00	2.230419	9	2.782157e-01	1.997774e-02	1.617863e-01	4.340417e-14	8.553857e-02	1.518259e-02	9.243738e-03	2.710622e-01	8.637668e-02	7.261650e-02	
2.027655e+00	2.000000e+00	2.148964	9	2.738132e-01	2.209536e-02	1.629942e-01	8.778185e-16	8.584401e-02	1.621381e-02	9.483263e-03	2.688354e-01	8.642736e-02	7.429332e-02	
1.926272e+00	2.000000e+00	2.069336	9	2.697037e-01	2.407581e-02	1.641090e-01	9.991480e-27	8.613374e-02	1.718366e-02	9.718548e-03	2.667459e-01	8.647537e-02	7.585424e-02	
1.829958e+00	2.000000e+00	1.991584	9	2.658651e-01	2.592909e-02	1.651386e-01	7.402576e-15	8.640858e-02	1.809621e-02	9.949004e-03	2.647842e-01	8.652088e-02	7.730829e-02	
1.738460e+00	2.000000e+00	1.915751	9	2.622774e-01	2.766438e-02	1.660902e-01	9.944720e-11	8.666931e-02	1.895518e-02	1.017415e-02	2.629416e-01	8.656400e-02	7.866371e-02	
1.651537e+00	2.000000e+00	1.841869	9	2.589221e-01	2.929011e-02	1.669705e-01	7.349177e-16	8.691667e-02	1.976404e-02	1.039362e-02	2.612100e-01	8.660488e-02	7.992803e-02	
1.568961e+00	2.000000e+00	1.769966	9	2.557823e-01	3.081403e-02	1.677854e-01	4.293673e-14	8.715135e-02	2.052600e-02	1.060711e-02	2.595820e-01	8.664362e-02	8.110815e-02	
1.490513e+00	2.000000e+00	1.700059	9	2.528425e-01	3.224330e-02	1.685402e-01	2.839927e-15	8.737400e-02	2.124406e-02	1.081441e-02	2.580508e-01	8.668035e-02	8.221039e-02	
1.415987e+00	2.000000e+00	1.632162	9	2.500882e-01	3.358449e-02	1.692400e-01	2.519014e-14	8.758526e-02	2.192097e-02	1.101536e-02	2.566099e-01	8.671517e-02	8.324053e-02	
1.345188e+00	2.000000e+00	1.566278	9	2.475065e-01	3.484365e-02	1.698893e-01	1.009920e-20	8.778572e-02	2.255931e-02	1.120987e-02	2.552536e-01	8.674819e-02	8.420389e-02	
1.277928e+00	2.000000e+00	1.502408	9	2.450851e-01	3.602640e-02	1.704921e-01	4.414680e-21	8.797594e-02	2.316149e-02	1.139789e-02	2.539762e-01	8.677949e-02	8.510533e-02	
1.214032e+00	2.000000e+00	1.440569	10	2.428005e-01	3.713446e-02	1.710423e-01	5.998933e-05	8.815067e-02	2.372732e-02	1.157764e-02	2.527596e-01	8.680389e-02	8.594369e-02	
1.153330e+00	2.000000e+00	1.380772	10	2.406312e-01	3.816949e-02	1.715342e-01	2.338574e-04	8.830523e-02	2.425672e-02	1.174758e-02	2.515870e-01	8.681673e-02	8.671799e-02	
1.095664e+00	2.000000e+00	1.322945	10	2.385928e-01	3.914277e-02	1.719908e-01	4.014774e-04	8.845166e-02	2.475642e-02	1.191132e-02	2.504808e-01	8.682866e-02	8.744326e-02	
1.040880e+00	2.000000e+00	1.267069	10	2.366766e-01	4.005837e-02	1.724151e-01	5.627388e-04	8.859042e-02	2.522825e-02	1.206893e-02	2.494368e-01	8.683978e-02	8.812301e-02	
9.888365e-01	2.000000e+00	1.213118	10	2.348744e-01	4.092007e-02	1.728096e-01	7.177822e-04	8.872194e-02	2.567388e-02	1.222052e-02	2.484513e-01	8.685014e-02	8.876042e-02	
9.393946e-01	2.000000e+00	1.161064	10	2.331788e-01	4.173139e-02	1.731765e-01	8.667650e-04	8.884659e-02	2.609487e-02	1.236619e-02	2.475207e-01	8.685980e-02	8.935845e-02	
8.924249e-01	2.000000e+00	1.110876	10	2.315827e-01	4.249555e-02	1.735181e-01	1.009800e-03	8.896475e-02	2.649269e-02	1.250607e-02	2.466417e-01	8.686882e-02	8.991982e-02	
8.478037e-01	2.000000e+00	1.062519	10	2.300797e-01	4.321558e-02	1.738364e-01	1.147041e-03	8.907677e-02	2.686870e-02	1.264030e-02	2.458112e-01	8.687724e-02	9.044702e-02	
8.054135e-01	2.000000e+00	1.015957	10	2.286639e-01	4.389426e-02	1.741331e-01	1.278634e-03	8.918297e-02	2.722419e-02	1.276903e-02	2.450265e-01	8.688511e-02	9.094238e-02	
7.651428e-01	2.000000e+00	0.971149	10	2.273296e-01	4.453420e-02	1.744099e-01	1.404745e-03	8.928368e-02	2.756035e-02	1.289240e-02	2.442846e-01	8.689247e-02	9.140803e-02	
7.268857e-01	2.000000e+00	0.928057	10	2.260718e-01	4.513781e-02	1.746682e-01	1.525525e-03	8.937918e-02	2.787830e-02	1.301058e-02	2.435833e-01	8.689935e-02	9.184595e-02	
6.905414e-01	2.000000e+00	0.886638	10	2.248857e-01	4.570732e-02	1.749095e-01	1.641152e-03	8.946974e-02	2.817910e-02	1.312373e-02	2.429200e-01	8.690579e-02	9.225796e-02	
6.560143e-01	2.000000e+00	0.846847	10	2.237667e-01	4.624485e-02	1.751350e-01	1.751806e-03	8.955564e-02	2.846371e-02	1.323201e-02	2.422926e-01	8.691182e-02	9.264576e-02	
6.232136e-01	2.000000e+00	0.808642	10	2.227109e-01	4.675232e-02	1.753459e-01	1.857614e-03	8.963712e-02	2.873306e-02	1.333558e-02	2.416991e-01	8.691748e-02	9.301091e-02	
5.920529e-01	2.000000e+00	0.771978	10	2.217142e-01	4.723156e-02	1.755433e-01	1.958798e-03	8.971440e-02	2.898803e-02	1.343462e-02	2.411375e-01	8.692278e-02	9.335488e-02	
5.624503e-01	2.000000e+00	0.736808	10	2.207732e-01	4.768427e-02	1.757280e-01	2.055481e-03	8.978772e-02	2.922940e-02	1.352927e-02	2.406059e-01	8.692775e-02	9.367901e-02	
5.343278e-01	2.000000e+00	0.703087	10	2.198843e-01	4.811199e-02	1.759010e-01	2.148232e-03	8.985725e-02	2.945795e-02	1.361970e-02	2.401027e-01	8.693239e-02	9.398452e-02	
5.076114e-01	2.000000e+00	0.670770	10	2.190447e-01	4.851629e-02	1.760633e-01	2.236081e-03	8.992328e-02	2.967441e-02	1.370609e-02	2.396264e-01	8.693680e-02	9.427267e-02	
4.822308e-01	2.000000e+00	0.639811	10	2.182513e-01	4.889845e-02	1.762154e-01	2.320315e-03	8.998590e-02	2.987943e-02	1.378857e-02	2.391753e-01	8.694092e-02	9.454445e-02	
4.581193e-01	2.000000e+00	0.610165	10	2.175014e-01	4.925983e-02	1.763581e-01	2.400498e-03	9.004534e-02	3.007365e-02	1.386731e-02	2.387481e-01	8.694481e-02	9.480093e-02	
4.352133e-01	2.000000e+00	0.581787	10	2.167924e-01	4.960157e-02	1.764920e-01	2.477438e-03	9.010171e-02	3.025765e-02	1.394244e-02	2.383434e-01	8.694843e-02	9.504296e-02	
4.134526e-01	2.000000e+00	0.554632	10	2.161219e-01	4.992487e-02	1.766178e-01	2.550630e-03	9.015522e-02	3.043200e-02	1.401412e-02	2.379600e-01	8.695186e-02	9.527151e-02	
3.927800e-01	2.000000e+00	0.528657	10	2.154878e-01	5.023075e-02	1.767360e-01	2.620439e-03	9.020601e-02	3.059723e-02	1.408249e-02	2.375968e-01	8.695508e-02	9.548734e-02	
3.731410e-01	2.000000e+00	0.503818	10	2.148879e-01	5.052022e-02	1.768472e-01	2.686861e-03	9.025422e-02	3.075385e-02	1.414770e-02	2.372527e-01	8.695813e-02	9.569126e-02	
3.544840e-01	2.000000e+00	0.480074	10	2.143203e-01	5.079419e-02	1.769516e-01	2.750467e-03	9.029995e-02	3.090229e-02	1.420986e-02	2.369265e-01	8.696097e-02	9.588391e-02	
3.367598e-01	2.000000e+00	0.457383	10	2.137830e-01	5.105355e-02	1.770500e-01	2.810955e-03	9.034338e-02	3.104301e-02	1.426911e-02	2.366173e-01	8.696366e-02	9.606601e-02	
3.199218e-01	2.000000e+00	0.435704	10	2.132745e-01	5.129913e-02	1.771425e-01	2.868606e-03	9.038459e-02	3.117643e-02	1.432559e-02	2.363243e-01	8.696620e-02	9.623816e-02	
3.039257e-01	2.000000e+00	0.414998	10	2.127931e-01	5.153169e-02	1.772296e-01	2.923484e-03	9.042373e-02	3.130295e-02	1.437940e-02	2.360465e-01	8.696860e-02	9.640095e-02	
2.887294e-01	2.000000e+00	0.395227	10	2.123373e-01	5.175194e-02	1.773117e-01	2.975862e-03	9.046086e-02	3.142291e-02	1.443067e-02	2.357830e-01	8.697085e-02	9.655490e-02	
2.742929e-01	2.000000e+00	0.376353	10	2.119056e-01	5.196058e-02	1.773890e-01	3.025757e-03	9.049612e-02	3.153668e-02	1.447950e-02	2.355333e-01	8.697298e-02	9.670054e-02	
2.605783e-01	2.000000e+00	0.358339	10	2.114967e-01	5.215824e-02	1.774619e-01	3.073179e-03	9.052960e-02	3.164459e-02	1.452601e-02	2.352964e-01	8.697499e-02	9.683835e-02	
2.475494e-01	2.000000e+00	0.341150	10	2.111094e-01	5.234554e-02	1.775306e-01	3.118385e-03	9.056138e-02	3.174694e-02	1.457031e-02	2.350718e-01	8.697689e-02	9.696877e-02	
2.351719e-01	2.000000e+00	0.324752	10	2.107424e-01	5.252302e-02	1.775954e-01	3.161428e-03	9.059155e-02	3.184403e-02	1.461249e-02	2.348587e-01	8.697868e-02	9.709221e-02	
2.234133e-01	2.000000e+00	0.309112	10	2.103947e-01	5.269123e-02	1.776566e-01	3.202406e-03	9.062020e-02	3.193613e-02	1.465264e-02	2.346567e-01	8.698037e-02	9.720907e-02	
2.122426e-01	2.000000e+00	0.294197	10	2.100651e-01	5.285067e-02	1.777143e-01	3.241414e-03	9.064740e-02	3.202351e-02	1.469086e-02	2.344650e-01	8.698197e-02	9.731972e-02	
2.016305e-01	2.000000e+00	0.279977	10	2.097528e-01	5.300181e-02	1.777689e-01	3.278543e-03	9.067323e-02	3.210642e-02	1.472725e-02	2.342831e-01	8.698348e-02	9.742450e-02	
1.915490e-01	2.000000e+00	0.266421	10	2.094568e-01	5.314510e-02	1.778203e-01	3.313879e-03	9.069775e-02	3.218508e-02	1.476188e-02	2.341106e-01	8.698491e-02	9.752375e-02	
1.819715e-01	2.000000e+00	0.253502	10	2.091761e-01	5.328096e-02	1.778689e-01	3.347506e-03	9.072104e-02	3.225973e-02	1.479483e-02	2.339469e-01	8.698626e-02	9.761776e-02	
1.728730e-01	2.000000e+00	0.241190	10	2.089100e-01	5.340980e-02	1.779149e-01	3.379503e-03	9.074315e-02	3.233056e-02	1.482619e-02	2.337915e-01	8.698754e-02	9.770683e-02	
1.642293e-01	2.000000e+00	0.229459	10	2.086577e-01	5.353197e-02	1.779583e-01	3.409948e-03	9.076415e-02	3.239779e-02	1.485603e-02	2.336441e-01	8.698875e-02	9.779122e-02	
1.560178e-01	2.000000e+00	0.218283	10	2.084185e-01	5.364786e-02	1.779994e-01	3.438677e-03	9.078411e-02	3.246159e-02	1.488442e-02	2.335043e-01	8.698991e-02	9.787122e-02	
1.482169e-01	2.000000e+00	0.207638	10	2.081915e-01	5.375775e-02	1.780382e-01	3.466466e-03	9.080302e-02	3.252214e-02	1.491142e-02	2.333715e-01	8.699097e-02	9.794700e-02	
1.408061e-01	2.000000e+00	0.197499	10	2.079763e-01	5.386200e-02	1.780749e-01	3.492677e-03	9.082101e-02	3.257961e-02	1.493711e-02	2.332455e-01	8.699199e-02	9.801885e-02	
1.337658e-01	2.000000e+00	0.187844	10	2.077722e-01	5.396089e-02	1.781096e-01	3.517608e-03	9.083808e-02	3.263416e-02	1.496155e-02	2.331260e-01	8.699296e-02	9.808696e-02	
1.270775e-01	2.000000e+00	0.178651	10	2.075786e-01	5.405472e-02	1.781424e-01	3.541321e-03	9.085430e-02	3.268594e-02	1.498479e-02	2.330125e-01	8.699388e-02	9.815153e-02	
1.207236e-01	2.000000e+00	0.169898	10	2.073949e-01	5.414373e-02	1.781735e-01	3.563873e-03	9.086970e-02	3.273510e-02	1.500689e-02	2.329048e-01	8.699475e-02	9.821276e-02	
1.146875e-01	2.000000e+00	0.161566	10	2.072206e-01	5.422819e-02	1.782029e-01	3.585320e-03	9.088433e-02	3.278176e-02	1.502792e-02	2.328025e-01	8.699557e-02	9.827082e-02	
1.089531e-01	2.000000e+00	0.153634	10	2.070553e-01	5.430834e-02	1.782308e-01	3.605715e-03	9.089822e-02	3.282606e-02	1.504791e-02	2.327054e-01	8.699635e-02	9.832588e-02	
1.035054e-01	2.000000e+00	0.146086	10	2.068984e-01	5.438439e-02	1.782572e-01	3.625109e-03	9.091142e-02	3.286812e-02	1.506692e-02	2.326133e-01	8.699709e-02	9.837810e-02	
9.833015e-02	2.000000e+00	0.138902	10	2.067496e-01	5.445656e-02	1.782821e-01	3.643550e-03	9.092395e-02	3.290805e-02	1.508499e-02	2.325258e-01	8.699779e-02	9.842763e-02	
9.341365e-02	2.000000e+00	0.132065	10	2.066083e-01	5.452505e-02	1.783058e-01	3.661098e-03	9.093585e-02	3.294596e-02	1.510218e-02	2.324427e-01	8.699845e-02	9.847461e-02	
8.874296e-02	2.000000e+00	0.125560	10	2.064742e-01	5.459006e-02	1.783282e-01	3.677755e-03	9.094715e-02	3.298195e-02	1.511852e-02	2.323639e-01	8.699908e-02	9.851918e-02	
8.430581e-02	2.000000e+00	0.119371	10	2.063470e-01	5.465176e-02	1.783494e-01	3.693593e-03	9.095789e-02	3.301613e-02	1.513406e-02	2.322890e-01	8.699968e-02	9.856147e-02	
8.009052e-02	2.000000e+00	0.113482	10	2.062262e-01	5.471032e-02	1.783695e-01	3.708672e-03	9.096809e-02	3.304858e-02	1.514883e-02	2.322179e-01	8.700024e-02	9.860158e-02	
7.608600e-02	2.000000e+00	0.107880	10	2.061116e-01	5.476591e-02	1.783886e-01	3.722997e-03	9.097777e-02	3.307939e-02	1.516287e-02	2.321504e-01	8.700078e-02	9.863965e-02	
7.228170e-02	2.000000e+00	0.102552	10	2.060028e-01	5.481868e-02	1.784066e-01	3.736614e-03	9.098697e-02	3.310865e-02	1.517622e-02	2.320864e-01	8.700128e-02	9.867577e-02	
6.866761e-02	2.000000e+00	0.097483	10	2.058995e-01	5.486877e-02	1.784237e-01	3.749558e-03	9.099571e-02	3.313643e-02	1.518891e-02	2.320255e-01	8.700177e-02	9.871004e-02	
6.523423e-02	2.000000e+00	0.092663	10	2.058015e-01	5.491633e-02	1.784400e-01	3.761863e-03	9.100401e-02	3.316282e-02	1.520097e-02	2.319677e-01	8.700222e-02	9.874257e-02	
6.197252e-02	2.000000e+00	0.088078	10	2.057085e-01	5.496147e-02	1.784554e-01	3.773558e-03	9.101189e-02	3.318787e-02	1.521244e-02	2.319129e-01	8.700265e-02	9.877344e-02	
5.887389e-02	2.000000e+00	0.083717	10	2.056201e-01	5.500433e-02	1.784699e-01	3.784675e-03	9.101938e-02	3.321166e-02	1.522334e-02	2.318608e-01	8.700306e-02	9.880274e-02	
5.593020e-02	2.000000e+00	0.079571	10	2.055362e-01	5.504503e-02	1.784838e-01	3.795242e-03	9.102649e-02	3.323426e-02	1.523370e-02	2.318113e-01	8.700345e-02	9.883054e-02	
5.313369e-02	2.000000e+00	0.075628	10	2.054566e-01	5.508366e-02	1.784969e-01	3.805284e-03	9.103325e-02	3.325572e-02	1.524354e-02	2.317643e-01	8.700382e-02	9.885694e-02	
5.047701e-02	2.000000e+00	0.071879	10	2.053810e-01	5.512035e-02	1.785093e-01	3.814830e-03	9.103967e-02	3.327609e-02	1.525290e-02	2.317197e-01	8.700417e-02	9.888199e-02	
4.795316e-02	2.000000e+00	0.068314	10	2.053092e-01	5.515518e-02	1.785211e-01	3.823902e-03	9.104576e-02	3.329545e-02	1.526179e-02	2.316773e-01	8.700451e-02	9.890578e-02	
4.555550e-02	2.000000e+00	0.064924	10	2.052411e-01	5.518826e-02	1.785323e-01	3.832524e-03	9.105155e-02	3.331383e-02	1.527025e-02	2.316370e-01	8.700482e-02	9.892835e-02	
4.327772e-02	2.000000e+00	0.061702	10	2.051764e-01	5.521966e-02	1.785429e-01	3.840717e-03	9.105705e-02	3.333128e-02	1.527828e-02	2.315988e-01	8.700512e-02	9.894979e-02	
4.111384e-02	2.000000e+00	0.058638	10	2.051149e-01	5.524948e-02	1.785530e-01	3.848503e-03	9.106228e-02	3.334786e-02	1.528591e-02	2.315625e-01	8.700540e-02	9.897013e-02	
3.905814e-02	2.000000e+00	0.055725	10	2.050566e-01	5.527780e-02	1.785626e-01	3.855905e-03	9.106724e-02	3.336361e-02	1.529317e-02	2.315280e-01	8.700567e-02	9.898945e-02	
3.710524e-02	2.000000e+00	0.052957	10	2.050011e-01	5.530469e-02	1.785716e-01	3.862938e-03	9.107195e-02	3.337857e-02	1.530006e-02	2.314953e-01	8.700593e-02	9.900779e-02	
3.524998e-02	2.000000e+00	0.050324	10	2.049485e-01	5.533023e-02	1.785802e-01	3.869622e-03	9.107643e-02	3.339277e-02	1.530662e-02	2.314642e-01	8.700617e-02	9.902521e-02	
3.348748e-02	2.000000e+00	0.047822	10	2.048986e-01	5.535448e-02	1.785884e-01	3.875973e-03	9.108069e-02	3.340626e-02	1.531284e-02	2.314347e-01	8.700640e-02	9.904174e-02	
3.181310e-02	2.000000e+00	0.045444	10	2.048511e-01	5.537751e-02	1.785961e-01	3.882007e-03	9.108473e-02	3.341907e-02	1.531876e-02	2.314066e-01	8.700662e-02	9.905744e-02	
3.022245e-02	2.000000e+00	0.043184	10	2.048061e-01	5.539939e-02	1.786035e-01	3.887742e-03	9.108857e-02	3.343125e-02	1.532438e-02	2.313800e-01	8.700683e-02	9.907235e-02	
2.871133e-02	2.000000e+00	0.041035	10	2.047633e-01	5.542016e-02	1.786105e-01	3.893192e-03	9.109221e-02	3.344281e-02	1.532972e-02	2.313547e-01	8.700703e-02	9.908650e-02	
2.727576e-02	2.000000e+00	0.038993	10	2.047226e-01	5.543989e-02	1.786171e-01	3.898369e-03	9.109568e-02	3.345379e-02	1.533480e-02	2.313306e-01	8.700721e-02	9.909994e-02	
2.591197e-02	2.000000e+00	0.037051	10	2.046840e-01	5.545862e-02	1.786234e-01	3.903290e-03	9.109897e-02	3.346422e-02	1.533963e-02	2.313078e-01	8.700739e-02	9.911271e-02	
2.461637e-02	2.000000e+00	0.035207	10	2.046474e-01	5.547642e-02	1.786293e-01	3.907966e-03	9.110209e-02	3.347412e-02	1.534421e-02	2.312861e-01	8.700756e-02	9.912483e-02	
2.338555e-02	2.000000e+00	0.033453	10	2.046126e-01	5.549332e-02	1.786350e-01	3.912408e-03	9.110506e-02	3.348353e-02	1.534857e-02	2.312655e-01	8.700772e-02	9.913634e-02	
2.221628e-02	2.000000e+00	0.031787	10	2.045795e-01	5.550937e-02	1.786404e-01	3.916630e-03	9.110788e-02	3.349247e-02	1.535270e-02	2.312459e-01	8.700787e-02	9.914727e-02	
2.110546e-02	2.000000e+00	0.030203	10	2.045481e-01	5.552461e-02	1.786455e-01	3.920641e-03	9.111056e-02	3.350096e-02	1.535664e-02	2.312274e-01	8.700802e-02	9.915765e-02	
2.005019e-02	2.000000e+00	0.028698	10	2.045183e-01	5.553909e-02	1.786503e-01	3.924452e-03	9.111310e-02	3.350903e-02	1.536037e-02	2.312097e-01	8.700815e-02	9.916751e-02	
1.904768e-02	2.000000e+00	0.027268	10	2.044900e-01	5.555285e-02	1.786549e-01	3.928052e-03	9.111552e-02	3.351669e-02	1.536392e-02	2.311929e-01	8.700828e-02	9.917687e-02	
1.809530e-02	2.000000e+00	0.025909	10	2.044630e-01	5.556591e-02	1.786593e-01	3.931514e-03	9.111782e-02	3.352396e-02	1.536730e-02	2.311770e-01	8.700841e-02	9.918576e-02	
1.719053e-02	2.000000e+00	0.024617	10	2.044375e-01	5.557832e-02	1.786634e-01	3.934783e-03	9.112000e-02	3.353087e-02	1.537050e-02	2.311619e-01	8.700852e-02	9.919421e-02	
1.633100e-02	2.000000e+00	0.023389	10	2.044132e-01	5.559010e-02	1.786674e-01	3.937890e-03	9.112207e-02	3.353744e-02	1.537355e-02	2.311475e-01	8.700863e-02	9.920223e-02	
1.551445e-02	2.000000e+00	0.022223	10	2.043902e-01	5.560130e-02	1.786711e-01	3.940840e-03	9.112404e-02	3.354368e-02	1.537644e-02	2.311339e-01	8.700874e-02	9.920984e-02	
1.473873e-02	2.000000e+00	0.021115	10	2.043683e-01	5.561193e-02	1.786746e-01	3.943645e-03	9.112591e-02	3.354960e-02	1.537919e-02	2.311209e-01	8.700884e-02	9.921708e-02	
1.400180e-02	2.000000e+00	0.020061	10	2.043475e-01	5.562203e-02	1.786780e-01	3.946310e-03	9.112769e-02	3.355523e-02	1.538180e-02	2.311086e-01	8.700894e-02	9.922395e-02	
1.330171e-02	2.000000e+00	0.019061	10	2.043277e-01	5.563162e-02	1.786812e-01	3.948841e-03	9.112938e-02	3.356057e-02	1.538429e-02	2.310969e-01	8.700903e-02	9.923048e-02	
1.263662e-02	2.000000e+00	0.018110	10	2.043089e-01	5.564073e-02	1.786843e-01	3.951246e-03	9.113098e-02	3.356565e-02	1.538664e-02	2.310858e-01	8.700911e-02	9.923667e-02	
1.200479e-02	2.000000e+00	0.017206	10	2.042911e-01	5.564939e-02	1.786871e-01	3.953531e-03	9.113251e-02	3.357048e-02	1.538888e-02	2.310752e-01	8.700919e-02	9.924256e-02	
1.140455e-02	2.000000e+00	0.016347	10	2.042742e-01	5.565761e-02	1.786899e-01	3.955702e-03	9.113395e-02	3.357506e-02	1.539101e-02	2.310652e-01	8.700927e-02	9.924815e-02	
1.083432e-02	2.000000e+00	0.015531	10	2.042581e-01	5.566542e-02	1.786925e-01	3.957764e-03	9.113533e-02	3.357941e-02	1.539303e-02	2.310556e-01	8.700935e-02	9.925347e-02	
1.029261e-02	2.000000e+00	0.014756	10	2.042428e-01	5.567284e-02	1.786950e-01	3.959723e-03	9.113663e-02	3.358355e-02	1.539496e-02	2.310466e-01	8.700942e-02	9.925851e-02	
9.777976e-03	2.000000e+00	0.014020	10	2.042283e-01	5.567988e-02	1.786973e-01	3.961586e-03	9.113787e-02	3.358747e-02	1.539678e-02	2.310380e-01	8.700948e-02	9.926330e-02	
9.289077e-03	2.000000e+00	0.013320	10	2.042145e-01	5.568658e-02	1.786995e-01	3.963355e-03	9.113905e-02	3.359120e-02	1.539852e-02	2.310298e-01	8.700954e-02	9.926786e-02	
8.824623e-03	2.000000e+00	0.012655	10	2.042014e-01	5.569293e-02	1.787016e-01	3.965035e-03	9.114017e-02	3.359475e-02	1.540016e-02	2.310221e-01	8.700960e-02	9.927218e-02	
8.383392e-03	2.000000e+00	0.012023	10	2.041890e-01	5.569897e-02	1.787037e-01	3.966632e-03	9.114124e-02	3.359812e-02	1.540173e-02	2.310147e-01	8.700966e-02	9.927629e-02	
7.964222e-03	2.000000e+00	0.011423	10	2.041772e-01	5.570471e-02	1.787056e-01	3.968149e-03	9.114225e-02	3.360131e-02	1.540322e-02	2.310077e-01	8.700972e-02	9.928019e-02	
7.566011e-03	2.000000e+00	0.010852	10	2.041660e-01	5.571017e-02	1.787074e-01	3.969515e-03	9.114321e-02	3.360436e-02	1.540463e-02	2.310011e-01	8.700977e-02	9.928390e-02	
7.187711e-03	2.000000e+00	0.010310	10	2.041553e-01	5.571534e-02	1.787091e-01	3.970960e-03	9.114412e-02	3.360724e-02	1.540597e-02	2.309947e-01	8.700982e-02	9.928741e-02	
6.828325e-03	2.000000e+00	0.009795	10	2.041452e-01	5.572026e-02	1.787107e-01	3.972261e-03	9.114498e-02	3.360998e-02	1.540725e-02	2.309887e-01	8.700986e-02	9.929076e-02	
6.486909e-03	2.000000e+00	0.009306	10	2.041356e-01	5.572493e-02	1.787123e-01	3.973497e-03	9.114581e-02	3.361259e-02	1.540846e-02	2.309830e-01	8.700991e-02	9.929393e-02	
6.162563e-03	2.000000e+00	0.008841	10	2.041264e-01	5.572937e-02	1.787138e-01	3.974671e-03	9.114659e-02	3.361506e-02	1.540961e-02	2.309776e-01	8.700995e-02	9.929695e-02	
5.854435e-03	2.000000e+00	0.008400	10	2.041177e-01	5.573358e-02	1.787152e-01	3.975791e-03	9.114733e-02	3.361741e-02	1.541070e-02	2.309725e-01	8.700999e-02	9.929981e-02	
5.561713e-03	2.000000e+00	0.007980	10	2.041095e-01	5.573759e-02	1.787165e-01	3.976846e-03	9.114804e-02	3.361964e-02	1.541174e-02	2.309676e-01	8.701003e-02	9.930254e-02	
5.283628e-03	2.000000e+00	0.007581	10	2.041017e-01	5.574139e-02	1.787178e-01	3.977853e-03	9.114871e-02	3.362177e-02	1.541273e-02	2.309629e-01	8.701006e-02	9.930512e-02	
5.019446e-03	2.000000e+00	0.007203	10	2.040942e-01	5.574500e-02	1.787190e-01	3.978821e-03	9.114934e-02	3.362378e-02	1.541367e-02	2.309585e-01	8.701009e-02	9.930758e-02	
4.768474e-03	2.000000e+00	0.006843	10	2.040872e-01	5.574844e-02	1.787201e-01	3.979718e-03	9.114995e-02	3.362570e-02	1.541456e-02	2.309543e-01	8.701013e-02	9.930991e-02	
4.530050e-03	2.000000e+00	0.006501	10	2.040804e-01	5.575170e-02	1.787212e-01	3.980582e-03	9.115052e-02	3.362751e-02	1.541541e-02	2.309504e-01	8.701016e-02	9.931213e-02	
4.303548e-03	2.000000e+00	0.006176	10	2.040741e-01	5.575479e-02	1.787222e-01	3.981437e-03	9.115106e-02	3.362924e-02	1.541621e-02	2.309466e-01	8.701018e-02	9.931423e-02	
4.088370e-03	2.000000e+00	0.005868	10	2.040680e-01	5.575774e-02	1.787232e-01	3.982181e-03	9.115159e-02	3.363088e-02	1.541697e-02	2.309430e-01	8.701021e-02	9.931624e-02	
3.883952e-03	2.000000e+00	0.005574	10	2.040623e-01	5.576054e-02	1.787241e-01	3.982857e-03	9.115209e-02	3.363244e-02	1.541770e-02	2.309396e-01	8.701025e-02	9.931814e-02	
3.689754e-03	2.000000e+00	0.005296	10	2.040568e-01	5.576319e-02	1.787250e-01	3.983625e-03	9.115255e-02	3.363392e-02	1.541839e-02	2.309363e-01	8.701027e-02	9.931994e-02	
3.505267e-03	2.000000e+00	0.005031	10	2.040516e-01	5.576571e-02	1.787258e-01	3.984293e-03	9.115299e-02	3.363533e-02	1.541904e-02	2.309333e-01	8.701029e-02	9.932165e-02	
3.330003e-03	2.000000e+00	0.004780	10	2.040467e-01	5.576811e-02	1.787266e-01	3.984928e-03	9.115341e-02	3.363667e-02	1.541967e-02	2.309303e-01	8.701031e-02	9.932328e-02	
3.163503e-03	2.000000e+00	0.004541	10	2.040420e-01	5.577038e-02	1.787274e-01	3.985531e-03	9.115382e-02	3.363794e-02	1.542026e-02	2.309275e-01	8.701033e-02	9.932483e-02	
3.005328e-03	2.000000e+00	0.004314	10	2.040375e-01	5.577255e-02	1.787281e-01	3.986104e-03	9.115420e-02	3.363914e-02	1.542082e-02	2.309249e-01	8.701035e-02	9.932630e-02	
2.855062e-03	2.000000e+00	0.004098	10	2.040333e-01	5.577460e-02	1.787288e-01	3.986644e-03	9.115456e-02	3.364029e-02	1.542135e-02	2.309224e-01	8.701037e-02	9.932770e-02	
2.712308e-03	2.000000e+00	0.003894	10	2.040293e-01	5.577655e-02	1.787294e-01	3.987165e-03	9.115490e-02	3.364138e-02	1.542186e-02	2.309200e-01	8.701039e-02	9.932902e-02	
2.576693e-03	2.000000e+00	0.003699	10	2.040254e-01	5.577841e-02	1.787301e-01	3.987664e-03	9.115523e-02	3.364241e-02	1.542234e-02	2.309178e-01	8.701041e-02	9.933028e-02	
2.447858e-03	2.000000e+00	0.003514	10	2.040218e-01	5.578017e-02	1.787306e-01	3.988123e-03	9.115554e-02	3.364339e-02	1.542280e-02	2.309156e-01	8.701043e-02	9.933148e-02	
2.325465e-03	2.000000e+00	0.003338	10	2.040184e-01	5.578184e-02	1.787312e-01	3.988566e-03	9.115584e-02	3.364433e-02	1.542323e-02	2.309136e-01	8.701044e-02	9.933262e-02	
2.209192e-03	2.000000e+00	0.003172	10	2.040151e-01	5.578343e-02	1.787317e-01	3.988988e-03	9.115612e-02	3.364521e-02	1.542365e-02	2.309116e-01	8.701046e-02	9.933370e-02	
2.098733e-03	2.000000e+00	0.003013	10	2.040120e-01	5.578494e-02	1.787322e-01	3.989387e-03	9.115638e-02	3.364606e-02	1.542404e-02	2.309098e-01	8.701047e-02	9.933472e-02	
1.993796e-03	2.000000e+00	0.002862	10	2.040090e-01	5.578638e-02	1.787327e-01	3.989768e-03	9.115663e-02	3.364686e-02	1.542441e-02	2.309080e-01	8.701048e-02	9.933570e-02	
1.894106e-03	2.000000e+00	0.002719	10	2.040062e-01	5.578774e-02	1.787332e-01	3.990124e-03	9.115688e-02	3.364762e-02	1.542477e-02	2.309064e-01	8.701050e-02	9.933662e-02	
1.799401e-03	2.000000e+00	0.002583	10	2.040036e-01	5.578903e-02	1.787336e-01	3.990520e-03	9.115710e-02	3.364834e-02	1.542510e-02	2.309048e-01	8.701050e-02	9.933750e-02	
1.709431e-03	2.000000e+00	0.002454	10	2.040010e-01	5.579026e-02	1.787340e-01	3.990804e-03	9.115732e-02	3.364902e-02	1.542542e-02	2.309033e-01	8.701052e-02	9.933834e-02	
1.623959e-03	2.000000e+00	0.002332	10	2.039986e-01	5.579143e-02	1.787344e-01	3.991103e-03	9.115753e-02	3.364968e-02	1.542573e-02	2.309019e-01	8.701053e-02	9.933913e-02	
1.542761e-03	2.000000e+00	0.002215	10	2.039963e-01	5.579254e-02	1.787348e-01	3.991410e-03	9.115772e-02	3.365030e-02	1.542602e-02	2.309005e-01	8.701054e-02	9.933989e-02	
1.465623e-03	2.000000e+00	0.002104	10	2.039940e-01	5.579355e-02	1.787350e-01	3.992509e-03	9.115783e-02	3.365085e-02	1.542627e-02	2.308990e-01	8.701048e-02	9.934052e-02	
1.392342e-03	2.000000e+00	0.001999	10	2.039921e-01	5.579461e-02	1.787355e-01	3.991813e-03	9.115810e-02	3.365145e-02	1.542655e-02	2.308980e-01	8.701057e-02	9.934130e-02	
1.322725e-03	2.000000e+00	0.001899	10	2.039901e-01	5.579555e-02	1.787358e-01	3.992200e-03	9.115825e-02	3.365197e-02	1.542680e-02	2.308968e-01	8.701057e-02	9.934193e-02	
1.256589e-03	2.000000e+00	0.001804	10	2.039883e-01	5.579645e-02	1.787360e-01	3.992470e-03	9.115841e-02	3.365248e-02	1.542703e-02	2.308957e-01	8.701058e-02	9.934254e-02	
1.193759e-03	2.000000e+00	0.001714	10	2.039863e-01	5.579723e-02	1.787361e-01	3.993986e-03	9.115844e-02	3.365290e-02	1.542722e-02	2.308944e-01	8.701047e-02	9.934300e-02	
1.134071e-03	2.000000e+00	0.001628	10	2.039848e-01	5.579813e-02	1.787366e-01	3.992883e-03	9.115871e-02	3.365341e-02	1.542747e-02	2.308937e-01	8.701059e-02	9.934368e-02	
1.077368e-03	2.000000e+00	0.001547	10	2.039832e-01	5.579890e-02	1.787369e-01	3.993169e-03	9.115884e-02	3.365384e-02	1.542767e-02	2.308927e-01	8.701060e-02	9.934420e-02	
1.023499e-03	2.000000e+00	0.001470	10	2.039817e-01	5.579964e-02	1.787371e-01	3.993225e-03	9.115898e-02	3.365426e-02	1.542786e-02	2.308918e-01	8.701061e-02	9.934472e-02	
9.723244e-04	2.000000e+00	0.001396	10	2.039803e-01	5.580034e-02	1.787373e-01	3.993466e-03	9.115910e-02	3.365465e-02	1.542804e-02	2.308910e-01	8.701062e-02	9.934519e-02	
9.237082e-04	2.000000e+00	0.001326	10	2.039789e-01	5.580100e-02	1.787376e-01	3.993652e-03	9.115921e-02	3.365502e-02	1.542821e-02	2.308902e-01	8.701062e-02	9.934564e-02	
8.775228e-04	2.000000e+00	0.001260	10	2.039776e-01	5.580163e-02	1.787378e-01	3.993812e-03	9.115932e-02	3.365537e-02	1.542838e-02	2.308894e-01	8.701063e-02	9.934607e-02	
8.336466e-04	2.000000e+00	0.001197	10	2.039764e-01	5.580224e-02	1.787380e-01	3.993872e-03	9.115944e-02	3.365571e-02	1.542854e-02	2.308887e-01	8.701064e-02	9.934648e-02	
7.919643e-04	2.000000e+00	0.001137	10	2.039752e-01	5.580280e-02	1.787382e-01	3.994122e-03	9.115953e-02	3.365602e-02	1.542868e-02	2.308880e-01	8.701064e-02	9.934686e-02	
7.523661e-04	2.000000e+00	0.001080	10	2.039746e-01	5.580349e-02	1.787387e-01	3.991811e-03	9.115988e-02	3.365642e-02	1.542889e-02	2.308879e-01	8.701085e-02	9.934746e-02	
7.147478e-04	2.000000e+00	0.001026	10	2.039730e-01	5.580386e-02	1.787385e-01	3.994403e-03	9.115972e-02	3.365661e-02	1.542896e-02	2.308867e-01	8.701065e-02	9.934758e-02	
6.790104e-04	2.000000e+00	0.000975	10	2.039721e-01	5.580436e-02	1.787387e-01	3.994340e-03	9.115982e-02	3.365689e-02	1.542909e-02	2.308861e-01	8.701067e-02	9.934793e-02	
6.450599e-04	2.000000e+00	0.000926	10	2.039711e-01	5.580481e-02	1.787388e-01	3.994654e-03	9.115988e-02	3.365714e-02	1.542920e-02	2.308855e-01	8.701066e-02	9.934822e-02	
6.128069e-04	2.000000e+00	0.000880	10	2.039702e-01	5.580525e-02	1.787390e-01	3.994775e-03	9.115996e-02	3.365739e-02	1.542932e-02	2.308850e-01	8.701066e-02	9.934852e-02	
5.821665e-04	2.000000e+00	0.000836	10	2.039693e-01	5.580567e-02	1.787391e-01	3.994881e-03	9.116004e-02	3.365762e-02	1.542943e-02	2.308845e-01	8.701067e-02	9.934881e-02	
5.530582e-04	2.000000e+00	0.000794	10	2.039685e-01	5.580607e-02	1.787392e-01	3.994984e-03	9.116011e-02	3.365784e-02	1.542953e-02	2.308840e-01	8.701067e-02	9.934908e-02	
5.254053e-04	2.000000e+00	0.000755	10	2.039677e-01	5.580645e-02	1.787394e-01	3.995089e-03	9.116017e-02	3.365805e-02	1.542963e-02	2.308835e-01	8.701067e-02	9.934934e-02	
4.991350e-04	2.000000e+00	0.000717	10	2.039671e-01	5.580685e-02	1.787396e-01	3.994508e-03	9.116030e-02	3.365828e-02	1.542974e-02	2.308832e-01	8.701074e-02	9.934965e-02	
4.741783e-04	2.000000e+00	0.000681	10	2.039663e-01	5.580715e-02	1.787396e-01	3.995277e-03	9.116030e-02	3.365844e-02	1.542981e-02	2.308827e-01	8.701068e-02	9.934981e-02	
4.504694e-04	2.000000e+00	0.000647	10	2.039656e-01	5.580746e-02	1.787397e-01	3.995454e-03	9.116034e-02	3.365862e-02	1.542989e-02	2.308823e-01	8.701067e-02	9.935002e-02	
4.279459e-04	2.000000e+00	0.000615	10	2.039650e-01	5.580779e-02	1.787398e-01	3.995308e-03	9.116042e-02	3.365880e-02	1.542998e-02	2.308819e-01	8.701071e-02	9.935025e-02	
4.065486e-04	2.000000e+00	0.000584	10	2.039644e-01	5.580807e-02	1.787399e-01	3.995424e-03	9.116047e-02	3.365896e-02	1.543005e-02	2.308816e-01	8.701070e-02	9.935045e-02	
3.862212e-04	2.000000e+00	0.000555	10	2.039638e-01	5.580835e-02	1.787400e-01	3.995593e-03	9.116051e-02	3.365911e-02	1.543012e-02	2.308812e-01	8.701069e-02	9.935063e-02	
3.669101e-04	2.000000e+00	0.000527	10	2.039633e-01	5.580861e-02	1.787401e-01	3.995659e-03	9.116056e-02	3.365926e-02	1.543019e-02	2.308809e-01	8.701069e-02	9.935081e-02	
3.485646e-04	2.000000e+00	0.000501	10	2.039627e-01	5.580886e-02	1.787402e-01	3.995731e-03	9.116060e-02	3.365940e-02	1.543026e-02	2.308806e-01	8.701070e-02	9.935098e-02	
3.311364e-04	2.000000e+00	0.000476	10	2.039622e-01	5.580910e-02	1.787402e-01	3.995794e-03	9.116064e-02	3.365953e-02	1.543032e-02	2.308803e-01	8.701070e-02	9.935114e-02	
3.145796e-04	2.000000e+00	0.000452	10	2.039625e-01	5.580950e-02	1.787409e-01	3.992621e-03	9.116098e-02	3.365979e-02	1.543047e-02	2.308808e-01	8.701096e-02	9.935161e-02	
2.988506e-04	2.000000e+00	0.000429	10	2.039614e-01	5.580954e-02	1.787404e-01	3.995941e-03	9.116070e-02	3.365978e-02	1.543044e-02	2.308797e-01	8.701069e-02	9.935144e-02	
2.839081e-04	2.000000e+00	0.000408	10	2.039608e-01	5.580973e-02	1.787404e-01	3.996265e-03	9.116072e-02	3.365988e-02	1.543048e-02	2.308794e-01	8.701068e-02	9.935156e-02	
2.697127e-04	2.000000e+00	0.000387	10	2.039605e-01	5.580994e-02	1.787405e-01	3.996001e-03	9.116079e-02	3.366000e-02	1.543054e-02	2.308793e-01	8.701071e-02	9.935171e-02	
2.562270e-04	2.000000e+00	0.000368	10	2.039604e-01	5.581021e-02	1.787408e-01	3.994754e-03	9.116095e-02	3.366017e-02	1.543064e-02	2.308793e-01	8.701080e-02	9.935193e-02	
2.434157e-04	2.000000e+00	0.000350	10	2.039598e-01	5.581029e-02	1.787406e-01	3.996215e-03	9.116085e-02	3.366020e-02	1.543063e-02	2.308788e-01	8.701070e-02	9.935194e-02	
2.312449e-04	2.000000e+00	0.000332	10	2.039595e-01	5.581047e-02	1.787407e-01	3.996088e-03	9.116089e-02	3.366030e-02	1.543068e-02	2.308786e-01	8.701072e-02	9.935207e-02	
2.196826e-04	2.000000e+00	0.000315	10	2.039591e-01	5.581062e-02	1.787407e-01	3.996198e-03	9.116091e-02	3.366038e-02	1.543072e-02	2.308784e-01	8.701071e-02	9.935217e-02	
2.086985e-04	2.000000e+00	0.000300	10	2.039588e-01	5.581080e-02	1.787408e-01	3.996110e-03	9.116096e-02	3.366048e-02	1.543076e-02	2.308783e-01	8.701069e-02	9.935229e-02	
1.982636e-04	2.000000e+00	0.000285	10	2.039585e-01	5.581092e-02	1.787409e-01	3.996267e-03	9.116096e-02	3.366054e-02	1.543079e-02	2.308781e-01	8.701072e-02	9.935237e-02	
1.883504e-04	2.000000e+00	0.000270	10	2.039582e-01	5.581104e-02	1.787409e-01	3.996449e-03	9.116097e-02	3.366062e-02	1.543082e-02	2.308779e-01	8.701071e-02	9.935246e-02	
1.789329e-04	2.000000e+00	0.000257	10	2.039580e-01	5.581118e-02	1.787410e-01	3.996291e-03	9.116101e-02	3.366070e-02	1.543086e-02	2.308777e-01	8.701072e-02	9.935256e-02	
1.699862e-04	2.000000e+00	0.000244	10	2.039577e-01	5.581130e-02	1.787410e-01	3.996374e-03	9.116103e-02	3.366076e-02	1.543089e-02	2.308776e-01	8.701072e-02	9.935264e-02	
1.614869e-04	2.000000e+00	0.000232	10	2.039575e-01	5.581140e-02	1.787410e-01	3.996724e-03	9.116101e-02	3.366082e-02	1.543091e-02	2.308773e-01	8.701068e-02	9.935268e-02	
1.534126e-04	2.000000e+00	0.000220	10	2.039572e-01	5.581152e-02	1.787410e-01	3.996558e-03	9.116105e-02	3.366088e-02	1.543095e-02	2.308773e-01	8.701071e-02	9.935279e-02	
1.457420e-04	2.000000e+00	0.000209	10	2.039571e-01	5.581164e-02	1.787411e-01	3.996369e-03	9.116110e-02	3.366095e-02	1.543098e-02	2.308772e-01	8.701073e-02	9.935287e-02	
1.384549e-04	2.000000e+00	0.000199	10	2.039568e-01	5.581172e-02	1.787411e-01	3.996589e-03	9.116109e-02	3.366100e-02	1.543100e-02	2.308771e-01	8.701071e-02	9.935291e-02	
1.315321e-04	2.000000e+00	0.000189	10	2.039566e-01	5.581182e-02	1.787411e-01	3.996501e-03	9.116112e-02	3.366105e-02	1.543102e-02	2.308770e-01	8.701072e-02	9.935300e-02	
1.249555e-04	2.000000e+00	0.000179	10	2.039564e-01	5.581190e-02	1.787411e-01	3.996766e-03	9.116112e-02	3.366110e-02	1.543105e-02	2.308768e-01	8.701070e-02	9.935303e-02	
1.187077e-04	2.000000e+00	0.000170	10	2.039563e-01	5.581202e-02	1.787413e-01	3.996328e-03	9.116117e-02	3.366116e-02	1.543109e-02	2.308768e-01	8.701075e-02	9.935313e-02	
1.127723e-04	2.000000e+00	0.000162	10	2.039561e-01	5.581209e-02	1.787412e-01	3.996563e-03	9.116116e-02	3.366120e-02	1.543110e-02	2.308766e-01	8.701073e-02	9.935317e-02	
1.071337e-04	2.000000e+00	0.000154	10	2.039559e-01	5.581217e-02	1.787413e-01	3.996510e-03	9.116119e-02	3.366124e-02	1.543112e-02	2.308766e-01	8.701074e-02	9.935324e-02	
1.017770e-04	2.000000e+00	0.000146	10	2.039558e-01	5.581224e-02	1.787413e-01	3.996560e-03	9.116120e-02	3.366128e-02	1.543114e-02	2.308765e-01	8.701073e-02	9.935327e-02	
9.668819e-05	2.000000e+00	0.000139	10	2.039559e-01	5.581236e-02	1.787416e-01	3.995455e-03	9.116133e-02	3.366136e-02	1.543115e-02	2.308766e-01	8.701083e-02	9.935344e-02	
